,time,r10i1p1f1,r11i1p1f1,r12i1p1f1,r13i1p1f1,r14i1p1f1,r15i1p1f1,r16i1p1f1,r17i1p1f1,r18i1p1f1,r19i1p1f1,r1i1p1f1,r20i1p1f1,r21i1p1f1,r22i1p1f1,r23i1p1f1,r24i1p1f1,r25i1p1f1,r26i1p1f1,r27i1p1f1,r28i1p1f1,r29i1p1f1,r2i1p1f1,r30i1p1f1,r3i1p1f1,r4i1p1f1,r5i1p1f1,r6i1p1f1,r7i1p1f1,r8i1p1f1,r9i1p1f1
0,1850-01-16,280.86096,280.43347,279.41525,280.3167,280.0924,281.24536,280.447,280.60016,280.75485,281.12793,279.88196,280.65134,280.30798,281.08026,280.9642,280.32584,281.04398,280.29102,281.34827,280.6216,281.15222,280.76068,280.50916,280.64105,282.15897,280.78583,279.99496,279.84137,280.924,280.2954
1,1850-02-15,279.84,279.17197,279.4654,280.91354,280.6184,279.52188,279.94672,277.38947,279.8558,277.52353,277.56744,280.18118,279.12534,280.63065,279.74118,279.2495,279.1429,280.4054,281.2865,277.73184,279.9208,279.0917,280.37936,280.42795,279.6791,279.08762,279.18698,277.9654,280.85764,279.51724
2,1850-03-16,280.05887,280.21866,279.5988,281.33493,279.39053,279.3999,281.09802,279.88577,281.52118,277.56824,278.09705,280.43298,279.79453,279.7869,280.51785,281.8874,281.61865,279.3411,281.96558,277.92023,281.4163,281.1629,280.7901,280.31967,281.63458,279.77908,281.40372,279.73376,280.17105,281.08487
3,1850-04-16,282.82327,280.28265,280.89246,283.3844,282.1955,281.92255,281.0079,280.17383,283.58746,281.7563,281.17773,281.60324,281.16757,281.7538,284.91144,281.64343,283.67575,281.21234,284.57474,282.19485,280.64783,283.7594,282.19763,282.09494,282.16724,280.45328,281.61813,280.86035,282.67896,282.34186
4,1850-05-16,285.3522,284.2537,284.7065,284.16882,284.7392,284.19598,285.13812,285.3322,287.0545,283.838,285.42343,284.5281,286.9687,284.73517,286.46616,286.1745,284.197,285.5759,286.88696,284.21246,285.0492,286.39978,285.60864,285.30396,285.47818,283.85062,283.37317,283.64224,285.32764,284.37604
5,1850-06-16,286.54788,286.56778,289.1194,287.65933,286.99808,286.7141,286.62842,287.43448,288.74356,287.40292,287.3215,287.15808,290.50943,289.32504,287.62964,290.00198,285.86658,287.72726,289.65076,288.5078,288.19986,288.2305,290.39392,286.43427,289.0,286.80518,286.6424,286.6223,288.18323,287.83353
6,1850-07-16,288.14014,288.01782,288.52045,291.5429,288.81128,289.29538,288.92502,289.04034,290.57776,288.83212,289.72946,289.961,290.2234,291.01633,288.2786,292.34863,288.19284,289.78354,289.94397,289.16788,290.27695,289.5104,292.2459,289.62198,288.88794,288.39938,290.6707,289.85077,289.79657,290.3664
7,1850-08-16,289.97488,288.77338,289.17456,289.21585,288.51605,289.56805,289.6892,287.99323,290.12527,289.6723,289.14755,289.1074,291.72684,289.1974,288.92273,289.8337,288.26642,288.60178,289.3263,289.39874,289.5499,289.2789,291.35892,288.21628,291.15823,289.9802,290.50726,288.99313,288.5758,290.26813
8,1850-09-16,287.21564,286.62665,288.98993,286.6459,288.1479,288.06656,288.32993,286.58597,286.94183,287.7358,287.38248,288.93805,288.346,287.37534,288.3041,287.45523,287.10013,288.11267,288.46042,286.69193,287.6562,287.02414,289.2863,287.28268,290.83395,288.49554,287.89603,287.57712,288.32434,287.94232
9,1850-10-16,284.94846,283.65445,284.49857,284.52417,285.38736,286.717,285.4679,285.9778,284.48004,283.8193,285.2196,284.3041,285.58713,285.15857,283.9959,284.74826,284.42465,285.74863,284.73395,284.1298,284.80667,285.564,284.24362,284.62473,286.4217,285.39023,283.99088,286.63947,283.7697,284.93118
10,1850-11-16,282.48798,281.5572,281.36172,282.64154,282.58914,281.04257,279.63367,282.68362,282.51526,282.85962,282.0197,280.54535,282.43622,281.65787,280.36432,280.8752,281.80136,282.5537,280.2782,281.686,281.40628,281.50244,281.15613,282.79407,282.25436,281.62924,283.26382,282.38437,282.91577,280.6949
11,1850-12-16,279.81784,280.23523,280.5958,282.5133,280.39194,278.7766,280.89423,281.25134,279.86157,281.71313,279.68036,279.33157,280.2892,280.18597,281.08594,281.2194,280.27036,279.52884,280.1322,278.369,278.6052,279.3012,278.64273,280.97098,279.46106,279.89905,279.2789,281.0956,281.84854,279.97925
12,1851-01-16,279.25433,277.85608,279.97696,280.03854,280.93018,278.78473,280.8475,276.4248,279.17447,279.1697,277.2123,279.83594,280.89728,277.996,280.53088,275.866,281.14258,280.8961,277.57495,278.3229,280.39578,278.1938,279.55048,279.8832,279.41867,279.97253,280.03387,279.0873,279.06586,278.71225
13,1851-02-15,279.73953,276.73718,279.70102,277.50864,279.93668,280.59457,280.06625,280.2703,275.8415,278.86285,277.04672,279.08398,280.89536,276.97513,279.7456,279.03522,281.1699,277.9756,276.33582,277.22287,276.40228,279.658,279.22327,278.7248,279.4229,280.07138,279.3345,274.75076,278.21017,280.76996
14,1851-03-16,280.13947,279.73773,278.2265,276.42413,280.3987,279.91895,280.71823,279.74634,279.8116,282.54462,280.59006,279.55862,282.5054,277.94635,280.30847,280.55487,278.19223,280.03918,278.72012,276.6688,276.3261,279.3015,278.797,280.93927,280.15533,280.45953,279.019,278.52124,277.4475,281.19644
15,1851-04-16,282.3416,280.99127,282.10364,280.293,281.52225,281.12018,282.26404,284.24734,280.8395,282.7397,280.13968,283.60187,283.8381,281.72452,281.00687,279.3859,281.19995,281.00195,282.29764,277.97858,280.05536,281.96683,281.07666,281.9868,280.4721,282.12686,278.58234,280.5861,280.17465,283.80374
16,1851-05-16,284.15997,284.0037,284.02347,282.9835,284.78275,283.66754,284.86978,285.66757,284.4674,286.96402,284.53952,286.6667,286.542,283.90228,283.7779,283.84814,285.4774,282.5926,283.59317,284.45758,284.32373,283.82297,284.8245,285.41306,285.65256,286.0778,283.89868,283.82556,282.48718,285.7352
17,1851-06-16,289.10233,289.22415,288.01416,287.28195,286.48547,289.2988,287.1509,287.14948,290.31628,287.8157,287.35312,289.03845,290.71912,288.7813,286.67908,286.7745,287.91208,288.01227,287.46033,286.7301,288.87897,286.71432,289.08893,286.78876,287.85648,288.3982,289.9294,287.34113,287.04648,287.3511
18,1851-07-16,288.4118,288.071,288.23404,289.1392,288.41824,288.92667,287.99362,289.7229,291.55182,288.75702,290.2828,289.0443,290.12207,290.60532,288.83148,288.64902,290.47336,290.63474,289.1846,288.49353,290.63293,289.37115,288.5728,288.50766,288.59348,289.5152,288.32138,291.33606,288.13214,290.25388
19,1851-08-16,288.94724,289.17825,288.5483,290.04205,289.7076,288.65045,288.03174,290.40247,291.37286,288.60358,289.22775,287.30243,288.65015,288.84335,289.3028,290.28415,288.31396,290.01144,288.10803,288.12122,288.823,288.99396,288.4838,289.7471,289.90936,288.8535,289.45502,289.321,288.68942,289.6547
20,1851-09-16,288.1848,287.52237,287.20935,286.565,288.3211,288.07184,286.52377,288.9775,287.3383,287.8551,287.6185,287.06778,288.2288,287.28906,288.8143,287.41208,288.44107,286.58612,287.18875,286.0044,287.21536,288.09543,288.3337,288.0248,287.73093,288.79428,287.6688,287.53375,286.8155,288.77307
21,1851-10-16,286.6073,286.2351,284.2701,285.31525,285.96515,285.39206,286.23248,284.9327,285.36597,284.93192,285.40375,284.6658,284.81824,283.32407,284.95856,285.70566,284.141,284.49692,283.45883,283.0389,285.2549,283.73117,283.42,285.41504,286.2149,285.2838,285.38376,283.47913,285.22644,284.76468
22,1851-11-16,281.80588,282.20328,281.40347,283.62155,281.03842,283.86517,282.2196,281.78375,283.56503,282.09256,281.2317,282.09958,281.54077,280.8407,282.17584,282.35953,283.16757,281.4434,280.7013,282.78873,281.61142,281.73203,282.9018,279.7411,280.6103,283.37354,282.2723,281.57855,284.0283,282.9397
23,1851-12-16,280.33246,278.30978,280.5211,279.95615,279.16626,281.6184,280.1152,279.76956,280.4718,279.67288,280.1684,282.1129,281.2394,278.95496,278.63135,279.9841,281.90158,280.0027,279.75815,280.18164,280.21487,280.87585,280.62805,280.60474,279.13937,279.96643,282.19296,282.20023,278.4173,281.11166
24,1852-01-16,279.44186,279.47235,275.40967,278.94656,278.22406,278.72046,279.39297,276.59613,279.72153,278.86118,279.5128,277.5245,279.40247,275.47247,273.77188,277.32516,280.31772,279.48944,278.51617,280.3132,278.7585,280.1164,279.45108,281.85916,276.49725,280.9448,279.1519,279.53888,278.69818,280.35324
25,1852-02-15,280.93762,278.97656,275.69476,274.5932,273.98654,280.57864,278.9182,277.73584,277.9429,277.72382,278.4165,279.4051,279.2513,276.74405,276.48987,279.0974,279.39142,279.39752,279.57895,278.41638,279.1998,280.94458,280.24377,280.2839,280.44128,277.29007,275.3483,278.52335,277.07828,279.8785
26,1852-03-16,280.01584,279.24365,279.57294,278.44006,274.71097,278.86572,278.90808,280.82263,279.23758,280.35187,278.50626,281.3465,279.46964,280.24524,279.85956,278.97733,280.6022,280.14062,279.85904,280.9015,281.91663,281.81796,280.48132,279.18176,281.33365,275.38263,278.06296,280.1662,280.57645,280.3951
27,1852-04-16,282.73825,282.02432,281.6576,278.2955,281.19727,281.56622,281.7199,282.59283,282.73972,281.0137,282.38647,282.3592,282.3404,281.12704,282.69525,281.04962,281.33472,281.717,280.9679,280.87567,282.51584,282.64032,280.73822,282.5725,280.70798,281.20688,279.65152,282.4894,281.6519,282.33337
28,1852-05-16,285.54968,284.85303,281.74695,284.2784,281.71933,284.22934,283.27762,284.8367,286.31873,283.88303,284.82294,283.73825,284.58615,284.80127,286.39316,284.6209,284.16846,284.56818,283.52988,286.68387,286.16287,284.19986,284.22623,285.31076,285.4386,286.10394,283.80737,284.2864,285.2589,284.80185
29,1852-06-16,287.243,287.6157,285.26608,285.8723,288.34348,287.46732,287.86075,288.90033,287.6376,288.66516,288.39377,287.3256,288.21832,287.3987,288.69495,288.99115,287.9628,287.8191,286.31863,286.80258,289.13025,288.87827,288.87933,288.35837,289.44516,288.0757,286.8156,288.4955,288.9428,290.94922
30,1852-07-16,288.18793,288.0708,287.3217,289.42395,289.32867,288.76077,288.8957,290.2918,288.69214,289.20224,288.17636,290.24905,288.27026,287.94214,288.89944,289.519,287.9205,288.597,289.3558,289.30063,290.07608,288.5874,288.58188,287.80914,289.7934,289.19272,288.53723,288.92703,289.27402,289.52
31,1852-08-16,288.23715,290.9118,288.3275,287.5663,289.20605,288.53555,289.3802,290.81378,289.3533,288.8502,287.80957,288.1165,289.6192,288.96613,288.22845,291.92624,288.65482,290.53818,288.16788,288.4108,289.30646,288.2645,289.38257,288.60437,289.90674,289.7386,288.7847,289.3455,287.26416,289.13446
32,1852-09-16,287.92706,289.17484,288.0567,286.4834,289.28836,287.36517,287.88675,289.88364,287.49844,289.4667,287.5786,287.37906,288.034,287.46954,286.93796,289.06113,287.5354,286.83572,285.70044,287.8395,288.55182,287.32184,286.93298,286.9274,288.34647,287.92468,288.12576,286.48932,288.39883,288.03702
33,1852-10-16,284.9644,283.97223,284.29684,282.61337,286.1874,285.57886,284.24625,286.14404,284.7997,285.76297,284.3819,285.36926,285.40466,285.27817,283.86465,284.95898,284.73502,285.0902,283.44495,284.42334,285.92056,285.78113,284.06424,284.87888,284.6467,284.7084,284.5768,285.78976,283.8993,286.03665
34,1852-11-16,281.6833,282.62372,280.0272,282.1363,281.35468,281.73337,281.72253,282.4428,282.48804,281.34045,279.8016,282.15552,282.37418,282.6471,281.18372,282.8609,281.26462,281.76337,278.9233,281.49612,282.0615,282.23282,281.9037,282.6344,283.14426,280.82996,282.37558,283.9092,281.42825,283.56918
35,1852-12-16,282.27866,280.89005,278.1084,280.41827,280.1519,281.06247,280.93604,279.14285,278.9306,278.05334,277.83905,278.6681,280.44376,277.59988,279.92484,279.61887,279.83215,278.9844,279.0192,278.48602,281.66327,279.80362,281.3829,280.32022,280.9014,278.5668,280.5847,281.93048,281.84665,279.65707
36,1853-01-16,279.5513,279.87283,276.7511,278.0433,278.64337,278.36502,277.35306,278.0884,276.6978,278.72314,279.56836,279.63596,280.40845,280.1081,277.4605,279.64597,280.1288,276.17896,280.2227,279.34995,281.31778,281.02332,277.78775,278.97302,280.46393,280.21817,278.26065,280.81677,278.5916,280.09805
37,1853-02-15,279.0374,278.79288,277.98407,280.41528,279.57086,279.26166,275.06665,277.76562,276.6438,278.84955,278.79834,279.0565,274.71942,280.04147,280.06635,278.92603,280.616,278.66815,278.48764,279.5755,280.75464,278.43524,279.7944,280.25256,281.67004,278.1045,278.95175,279.39264,277.51868,278.95212
38,1853-03-16,279.31464,277.14005,275.68848,280.58417,279.06876,278.62454,278.4046,280.35156,278.006,277.66196,280.74417,279.3558,279.40506,281.41168,279.13504,280.84427,280.3827,279.92728,280.1776,281.0899,280.7614,277.98343,281.34476,281.2488,281.89993,280.4418,278.7218,280.43994,281.45355,280.89603
39,1853-04-16,281.11392,280.19467,281.70282,281.19562,282.6195,282.5342,282.23453,280.84433,281.93237,281.973,281.43427,278.86172,280.5775,281.4384,282.0938,281.31488,281.29922,283.47983,281.99313,282.91034,280.81915,280.44516,283.39612,282.26184,281.91052,280.9837,280.58112,280.79434,281.956,281.00473
40,1853-05-16,284.37094,283.66098,282.639,285.441,286.36966,285.5647,285.31415,285.0218,285.9262,286.62463,283.25903,282.82855,283.47137,284.00192,283.20483,286.33762,285.11218,285.26944,283.48386,283.67813,285.0845,283.9866,285.53476,284.10318,285.76663,283.64932,284.2344,284.94113,285.0099,283.75827
41,1853-06-16,289.84872,286.67487,287.18893,289.22083,288.65604,287.43762,287.10675,288.5944,287.6203,288.7726,288.41977,286.83624,288.0105,288.11273,289.88702,285.91653,287.9984,287.26056,287.3999,288.0103,287.82684,287.36328,289.07993,285.93124,287.38187,287.81827,287.13815,288.37845,286.10123,286.8679
42,1853-07-16,289.63846,288.49484,289.21347,288.5478,289.72073,289.1286,289.55258,292.06122,288.36203,289.56854,288.99796,289.96326,289.0338,289.16064,289.42636,288.54553,288.39148,289.01886,288.76608,289.12552,289.61966,290.60016,290.1007,289.5397,289.4241,289.1858,288.93204,290.11423,289.35083,288.48764
43,1853-08-16,288.99423,288.7175,291.11264,288.40967,289.22656,288.20233,288.91977,290.7619,288.49374,288.0286,289.41995,289.57098,289.86432,288.14575,288.61658,287.86295,290.8577,290.71802,288.50827,288.8898,288.47653,290.36124,289.8105,289.5728,288.72574,289.516,289.68292,288.81842,289.05206,288.1041
44,1853-09-16,287.34552,287.0268,289.15674,286.7518,288.4473,288.42117,288.8259,286.57117,288.45282,285.67468,287.2865,289.87045,288.39938,287.70325,287.48907,286.91196,289.37833,289.45416,287.27682,288.7807,288.3689,287.663,288.06317,287.06494,287.04208,287.19318,287.66348,287.63705,287.9697,288.23746
45,1853-10-16,286.0504,285.16025,285.47717,283.68524,285.5316,282.4897,285.26297,284.42648,285.04306,284.93472,284.46838,284.97403,284.9326,285.3308,285.8081,284.35294,284.8949,284.42487,284.47415,284.85104,285.0642,285.47156,286.38867,284.61398,283.8702,284.9331,285.72592,285.25342,283.7968,282.8325
46,1853-11-16,282.89426,280.80453,281.70032,281.842,283.16742,281.55228,283.6537,282.66803,283.02124,281.5554,283.34067,281.20032,281.93948,280.5761,278.64288,282.06183,281.07574,284.187,283.0756,281.37155,279.30463,281.5752,282.60254,281.40375,281.51852,283.09467,282.15552,280.59082,282.26825,279.65936
47,1853-12-16,280.3307,281.85513,278.51138,280.37424,278.06735,280.71332,279.74075,280.55603,280.38358,278.32974,279.18283,280.32703,280.5122,280.5746,279.75525,278.7756,280.30286,279.65857,281.24182,281.5976,279.57544,278.82642,280.62427,279.45126,279.39062,281.48096,276.8479,279.5948,276.57065,281.35016
48,1854-01-16,280.15033,281.2851,278.6161,278.94977,279.49643,277.28802,280.46127,279.97534,278.8936,277.60422,280.29712,280.36063,278.24808,277.5019,276.62344,278.08267,278.80936,280.03488,276.2931,275.91382,277.6307,279.25537,278.8569,281.42145,278.50858,279.91705,278.76953,276.45502,276.6908,280.104
49,1854-02-15,278.00833,278.77386,280.02167,280.1681,278.85092,276.582,280.84076,281.30493,277.92548,276.73578,279.2326,278.0118,279.15256,275.25226,279.85477,278.99832,279.25284,279.66092,276.84763,279.477,278.51248,278.76996,276.60394,280.04712,277.20593,279.7977,278.27142,275.05313,279.3566,278.5821
50,1854-03-16,280.42526,280.03876,280.73105,279.23218,278.7374,277.87915,278.9311,280.06375,279.75647,278.7771,280.61942,279.60437,277.4822,279.70712,277.73074,280.0824,278.04044,280.18533,277.0189,281.29883,279.08484,280.15012,275.06128,280.84955,278.89243,280.81784,280.58948,278.36273,277.8369,278.56705
51,1854-04-16,283.37646,280.65634,282.195,282.77325,281.37186,280.9979,282.0966,280.5438,282.1061,280.55917,281.01956,280.8559,279.646,281.73984,280.28613,282.7404,281.21533,281.13266,280.36417,280.50504,281.68903,281.33643,280.30817,282.60596,283.56766,281.95886,281.08392,281.64178,281.7241,282.08047
52,1854-05-16,283.56323,281.4764,284.69635,284.58163,285.08823,283.08276,285.3769,283.58536,284.33908,284.93594,285.0418,283.45792,283.0266,284.17966,283.93878,287.153,284.0716,285.46072,283.64175,284.47534,283.53284,285.75864,282.6678,284.45624,286.2118,285.13016,283.877,284.72897,286.53214,283.98938
53,1854-06-16,288.5235,289.33096,287.0851,289.725,285.9888,287.06912,285.62643,288.25598,287.79947,289.6538,286.96664,286.99936,284.92038,290.05075,288.12567,289.6818,288.7635,288.5914,286.8559,288.91656,287.06998,289.03128,289.2231,287.07925,288.23062,288.13675,287.80658,285.99463,288.95654,288.07886
54,1854-07-16,290.5363,288.41095,288.79007,291.1175,288.29437,288.56598,289.48212,289.60645,288.76862,292.11853,291.05197,288.2535,287.0618,290.369,290.32816,289.569,289.70825,289.2503,287.13574,289.33978,289.0776,290.02844,289.10995,287.45712,290.29462,287.88144,289.45502,287.6511,290.60843,289.45514
55,1854-08-16,289.3169,289.4969,290.12057,287.83136,288.37543,289.06265,289.97073,289.31677,288.81635,290.98868,287.92926,290.3037,288.0392,289.77414,290.70538,288.93762,287.823,287.92535,288.78067,288.43967,289.07486,289.5891,290.18872,288.62756,288.71466,289.42398,289.6935,287.36264,290.42752,292.8326
56,1854-09-16,286.95322,287.5233,287.15466,286.91006,286.7192,287.2712,289.3273,286.492,287.73062,288.91333,287.546,287.20477,287.69824,287.89883,288.48532,287.02005,287.04977,286.33713,285.9655,286.71872,287.48477,287.6707,287.70905,287.32828,287.02908,287.11166,287.25357,285.90213,287.6649,288.46838
57,1854-10-16,284.4063,283.77753,283.138,284.92947,285.98245,284.82935,283.84793,284.79675,285.47833,284.18115,283.99768,285.51553,284.94547,286.27786,284.5782,283.73303,283.92264,283.71768,284.74252,284.3702,285.36023,285.80853,284.41812,285.74597,285.36313,283.9641,285.6183,284.98285,283.79205,284.7282
58,1854-11-16,281.92822,281.47952,281.48343,282.0168,282.3112,279.63287,281.3328,280.16675,283.42645,282.10757,280.95316,281.88376,282.06912,280.35382,282.7612,283.06357,282.3243,281.7345,280.31406,281.91284,281.7038,281.6378,283.6532,282.8182,283.81567,282.26657,283.40244,282.22382,281.5288,284.18295
59,1854-12-16,279.2283,280.55606,278.6496,280.9579,280.54865,278.12494,280.331,279.98273,281.2638,280.71954,279.20596,278.32675,280.03064,279.9542,279.7696,279.1407,280.57275,278.8149,276.79556,280.47546,278.37018,280.8684,280.61392,280.54895,279.21548,282.01926,280.35385,280.85675,280.0664,280.8061
60,1855-01-16,280.1464,278.31744,278.7032,280.44443,277.27933,279.44574,276.17194,278.39474,276.5844,275.67285,277.4512,278.9022,280.02646,275.76917,280.56958,279.35223,278.27228,275.3203,278.1519,278.4546,275.73453,279.61804,280.76135,280.13333,279.99246,279.8289,278.10638,275.97424,279.1424,279.90695
61,1855-02-15,278.75958,279.07874,278.84012,278.47006,277.9209,279.5484,278.26996,279.26657,277.5771,276.70093,277.24725,273.4995,281.36124,280.4735,279.45807,275.33618,276.28427,278.04477,278.1248,274.4311,279.62164,280.08905,277.31363,278.1418,274.9877,279.98566,278.29855,278.08997,279.88278,279.70926
62,1855-03-16,281.2597,280.62195,279.55417,279.1111,279.45612,281.67734,280.1721,278.77258,280.29276,281.31006,278.5445,275.1267,277.87332,280.22232,281.07144,278.02142,278.83426,279.988,280.9739,277.17828,281.31378,280.82446,280.23944,279.11566,277.06857,279.8731,280.3137,277.06232,279.41217,280.7043
63,1855-04-16,280.98584,280.9394,282.8071,281.41254,280.75342,281.8273,282.07825,281.64606,282.11633,281.94055,280.8223,279.1606,280.81613,280.51553,281.98303,281.7935,282.46902,282.4175,282.18494,279.91718,282.86444,284.1824,282.29147,283.1105,280.397,281.50775,280.4342,280.3436,280.8381,282.1081
64,1855-05-16,283.74976,285.30408,285.60788,285.44327,283.58176,284.87958,284.6862,285.67413,284.63647,284.91467,284.4777,282.42694,283.5313,283.07693,284.3908,282.2724,284.33267,283.41055,283.7406,283.65213,282.88306,285.67236,286.3254,283.96548,282.87857,286.635,285.2959,282.76517,283.68958,283.16623
65,1855-06-16,286.3857,289.19568,285.3054,288.76245,286.63416,287.30386,286.83685,287.2267,286.54816,288.60913,286.2189,286.69876,287.5441,289.67148,286.35138,288.2183,287.0556,287.7276,288.21936,285.18326,287.24313,287.8342,287.41196,285.1667,285.434,288.13635,288.87552,287.53674,286.40512,287.57657
66,1855-07-16,288.26425,288.91562,287.9152,288.24817,289.37885,288.34857,287.9873,289.5933,289.43298,290.4879,287.5363,288.4303,287.8833,290.08542,289.73206,289.76526,287.97696,289.86157,290.5955,288.4607,288.5069,288.7343,289.06873,287.88983,288.49615,289.9103,289.0233,288.40765,289.55887,288.26822
67,1855-08-16,288.2684,290.1527,289.3748,287.5848,288.39038,289.2699,287.53845,290.10757,287.9265,290.68134,288.2361,289.5434,288.54987,289.2964,288.64627,288.57513,288.2333,289.2971,290.595,287.5882,289.41214,288.90405,288.76285,290.74515,287.63644,289.72018,289.58398,291.34305,289.36633,290.39627
68,1855-09-16,287.71878,286.00156,287.8425,286.41577,287.5141,288.65417,285.84488,287.59378,286.01218,288.33057,288.51822,288.66763,286.23083,287.1554,286.9429,287.0582,288.1376,287.23737,288.40625,286.5715,288.30923,287.0045,286.56982,287.34613,288.17328,288.43375,286.87524,287.812,286.71118,287.52832
69,1855-10-16,284.52652,285.05133,283.114,284.93726,285.5612,284.61972,283.95337,285.0142,283.62372,285.84042,284.8242,285.0081,284.7293,284.13437,283.35568,284.70135,284.12518,283.53802,285.72836,284.3381,284.50986,285.54703,283.61926,285.54904,283.2824,287.13992,285.31433,284.61548,283.54224,284.8512
70,1855-11-16,280.69022,278.52356,280.19803,283.5194,283.92032,281.5012,283.36816,280.84152,280.97546,280.652,282.30795,281.9616,279.69177,281.60056,282.2248,280.38834,282.9166,282.03876,282.45416,284.1235,282.33633,282.21756,281.42926,285.3715,281.4637,284.1105,279.14362,281.28296,281.87167,281.6652
71,1855-12-16,279.9496,280.60272,278.58456,280.50488,277.20822,280.70755,278.75885,280.55502,277.56244,279.43677,281.41492,280.78552,279.16086,279.439,279.91586,280.4601,280.32913,279.7849,278.42215,281.36508,279.54352,278.31943,277.71948,280.30426,281.41425,281.7932,279.61035,279.20224,280.0365,277.8587
72,1856-01-16,279.1353,278.43564,278.3799,280.87698,279.60754,281.18494,277.13614,279.1607,279.3383,276.86652,281.1578,281.02652,279.1941,280.309,276.90494,279.7448,279.66455,279.44693,280.22073,279.8793,277.44675,279.63727,278.63434,279.48956,278.31863,277.2318,279.25073,280.07736,274.94254,278.0926
73,1856-02-15,278.1208,279.12286,277.6671,279.21503,278.92493,279.04703,278.75992,278.31863,277.60364,280.01242,280.30588,279.30798,275.99603,278.58798,279.4453,278.75766,280.38437,277.264,278.64926,280.0484,278.812,280.62973,281.01575,277.19388,279.55298,277.2116,278.18716,280.96722,275.45233,280.69418
74,1856-03-16,279.6781,279.88104,274.7669,276.78003,280.76324,281.78812,280.47443,277.68048,277.36917,278.5481,279.36356,280.13965,278.8408,280.2884,278.76328,277.54095,279.6287,276.4277,280.32758,281.5207,278.10236,280.46298,281.53403,278.47333,280.20932,279.78775,279.80862,279.8073,279.68387,279.5483
75,1856-04-16,282.4475,281.3231,278.2952,281.04602,282.59412,280.89218,281.4991,278.9847,282.84222,280.27795,280.06366,283.36395,282.10928,281.0231,282.4615,279.9628,280.26733,280.91913,281.19388,283.95746,282.51248,281.46417,283.0193,281.84662,283.0482,280.56836,282.40027,282.88486,281.4418,281.1684
76,1856-05-16,284.00024,284.58655,283.2679,285.28085,285.01974,284.27795,282.9744,283.46542,284.36108,284.7269,284.762,285.787,287.29538,284.42245,284.29797,284.8505,283.65564,283.66223,285.33884,285.27127,284.11865,283.70016,286.85822,284.56924,285.53802,284.30527,285.7402,284.30386,284.70352,283.10272
77,1856-06-16,287.01385,289.18976,286.97607,290.23438,288.93298,285.95926,287.60236,286.63022,291.00235,286.59436,287.94275,288.00525,289.513,287.7768,288.55353,286.76205,287.664,289.23566,287.52875,286.78162,288.61768,288.5749,288.52258,290.37643,288.41864,289.15375,289.04074,288.16476,288.03476,290.40823
78,1856-07-16,287.25778,289.25287,288.6324,290.22852,289.13113,287.7346,288.02664,288.75052,290.3898,289.6214,287.60437,289.71814,289.05725,288.12772,290.03772,287.52414,288.7232,288.81412,288.68552,287.98468,290.9857,288.6088,290.41635,288.53546,290.44962,289.86383,288.93497,288.50363,288.822,291.1209
79,1856-08-16,288.3532,289.59845,288.93692,289.25803,288.20483,289.43463,289.1796,288.94595,289.94818,290.11725,287.4386,289.26938,288.1161,288.3948,289.91748,288.45825,290.1733,290.02112,289.13092,288.5304,289.7474,289.29004,289.65634,290.0422,289.2896,290.29697,288.62396,289.80325,289.64645,288.7459
80,1856-09-16,287.79565,289.36777,286.96915,288.73563,288.06558,287.2594,287.77927,286.15207,286.30075,288.02832,287.71487,287.0694,288.53946,286.65314,290.3066,286.64902,289.31296,287.25317,287.2505,287.73605,285.87363,287.64313,289.0624,287.25217,287.91235,286.40286,287.439,287.2123,286.90067,287.45828
81,1856-10-16,284.03113,285.87125,284.13174,285.45303,284.49844,284.4732,285.3562,284.88943,285.37186,286.26462,286.68195,285.73694,282.7128,284.9717,286.426,283.9632,285.76392,282.557,282.76834,283.30048,285.29388,284.54337,285.52405,282.83755,285.13498,284.71207,283.47818,285.01544,283.1185,285.71613
82,1856-11-16,279.53662,280.98608,283.70004,282.5174,281.914,280.51147,281.27893,282.20187,282.1681,281.53214,281.99213,282.67447,281.72974,282.12036,282.635,279.30084,281.5674,281.53818,282.2688,279.50867,280.6566,280.4765,282.21597,283.68048,283.00458,281.2646,284.13693,281.50684,282.3463,281.71768
83,1856-12-16,278.9771,281.04172,280.05826,281.17355,279.4194,278.41254,279.794,280.6149,280.0764,280.80026,280.4241,280.06055,276.82462,276.75803,281.9885,276.60318,279.7037,279.04846,278.53497,280.362,277.63562,280.1625,281.91037,277.8989,280.9972,280.32898,281.15,282.04672,281.3618,278.30078
84,1857-01-16,277.08313,281.41107,279.38156,281.1814,276.53043,275.79498,277.2242,276.13907,279.43408,278.98447,278.59738,279.19476,278.69397,278.185,278.36414,276.49008,280.42065,278.28876,280.7943,279.46188,278.87137,278.7765,280.78384,274.10757,278.7675,277.22247,279.21277,279.86462,279.66733,276.7997
85,1857-02-15,279.8815,280.49268,280.4712,281.32526,275.7187,273.02472,279.0692,276.49792,279.73688,278.60916,279.45828,281.06134,279.08832,279.19543,278.4823,278.58548,280.17105,280.14774,279.5914,279.60974,277.83066,278.17624,279.81436,273.87787,278.82434,278.81577,276.71298,278.09503,278.97412,275.91794
86,1857-03-16,279.09454,282.20123,281.25662,281.62125,274.2998,278.06204,280.20007,277.21237,281.36765,277.0919,277.0652,281.70572,278.89624,279.19922,277.70856,280.24176,279.41727,280.52472,280.38443,280.22217,274.75156,279.21155,280.49683,278.5673,282.5068,278.74625,277.18225,280.1139,281.1208,279.25446
87,1857-04-16,281.48907,282.06482,281.91998,283.42603,279.7286,278.96808,282.79947,280.22675,282.26227,281.55545,278.78564,281.40802,281.88876,280.47122,280.22766,281.83817,281.61243,281.2703,282.75748,282.28897,278.96097,283.06192,281.46722,281.21396,281.8015,279.7429,280.01105,280.75375,282.79572,277.69086
88,1857-05-16,284.03604,283.56305,286.2338,285.08154,282.8008,283.20413,286.85895,284.35062,284.6069,285.06067,286.25336,285.22647,284.2045,283.93314,285.8989,284.69003,284.18234,284.393,286.30502,284.66446,282.15137,285.64026,284.30048,285.38956,284.95294,283.0202,283.51816,284.28067,285.56107,282.58728
89,1857-06-16,286.0987,287.60846,287.40466,288.2523,287.21075,285.57968,286.59125,286.01746,286.80695,288.63458,288.94516,287.7544,289.39478,285.7582,286.62952,288.32278,285.7286,287.56955,287.15027,287.22888,288.0486,289.48077,287.82477,286.3344,288.4179,286.6375,286.678,286.59055,287.5748,287.86005
90,1857-07-16,287.6364,288.67603,287.6248,290.05957,288.33493,287.05814,289.82578,289.0603,290.17145,288.58157,288.6744,288.40897,290.66174,288.03806,288.31894,291.16754,288.3678,289.8005,288.07132,288.34488,288.03906,289.78003,288.81195,288.53598,289.55646,288.97488,288.75006,288.29108,289.9973,288.0566
91,1857-08-16,289.92288,288.7215,290.26547,289.7886,289.73434,287.27206,289.9367,289.42468,290.5747,288.15173,287.79285,289.13187,289.90564,290.8955,288.31662,289.78867,289.99567,291.3159,289.61813,288.2321,288.2463,290.31177,288.85876,290.52173,291.19138,288.4081,289.08948,288.54425,289.44528,289.63846
92,1857-09-16,287.6863,287.0976,286.7718,288.13538,287.2736,285.88733,287.55573,286.74185,286.2764,288.90952,285.2944,287.8532,286.7592,288.02173,287.80576,288.87845,289.6511,288.07755,288.2486,286.42746,287.86182,287.06204,287.474,288.37488,287.87527,288.71628,287.46216,286.46805,287.1067,287.8905
93,1857-10-16,284.16122,285.06442,283.5944,285.262,285.42877,283.0187,283.7896,285.52258,283.52063,284.51117,284.02722,285.19556,284.70102,283.61655,284.79333,285.69342,286.20663,284.20404,284.11407,284.554,284.16266,283.90002,285.7458,283.91257,284.20798,284.02722,284.78143,284.21844,282.78476,286.10995
94,1857-11-16,280.95874,281.80612,281.58926,282.40982,282.56696,281.82416,280.93762,280.84985,281.28006,281.72885,281.96115,280.96597,282.8818,282.50122,282.69162,282.26846,282.4576,279.53915,283.0892,282.92245,281.16165,281.10434,280.38165,281.59393,280.16684,281.28516,281.94266,281.59146,281.15704,282.5627
95,1857-12-16,276.2651,280.43048,279.9029,279.471,278.3782,280.277,278.5851,279.88428,277.63846,279.14877,280.2005,279.08743,278.8623,281.2241,279.8394,279.38297,280.43286,279.2873,280.82864,279.07516,279.08783,280.0564,278.63474,280.2344,278.92422,279.79337,280.72574,278.48492,280.40878,279.72202
96,1858-01-16,278.60147,275.76053,278.56857,279.23822,277.41806,278.29416,278.17642,280.90875,275.84604,277.1184,276.1293,278.64313,276.7779,278.18546,279.2989,278.92337,280.9039,277.79535,279.30533,280.65323,276.74048,277.78973,280.35056,278.53207,277.94516,278.30377,275.57108,278.52332,278.04453,280.02118
97,1858-02-15,279.69818,277.13947,280.38773,280.6473,277.5693,279.10925,277.9701,274.42786,280.0345,280.76443,278.43896,279.4749,278.86353,277.47638,278.36252,279.37573,279.15182,279.85553,278.6809,280.3341,278.86,278.7237,280.04907,281.29996,279.68573,277.8183,277.2229,278.76962,278.08344,279.56726
98,1858-03-16,281.2921,280.26917,281.05896,279.8534,277.788,279.43506,279.58328,278.4244,280.58807,279.9738,278.77612,280.2889,279.39673,279.06467,278.75287,282.5886,278.289,279.5791,279.52167,280.0464,280.024,279.79547,282.2998,279.5154,278.4877,277.82083,280.45087,277.93115,280.8155,281.5261
99,1858-04-16,282.63788,283.1161,280.82996,280.62607,279.46484,282.11917,280.37296,280.7777,281.94592,281.61655,280.7321,279.6225,280.55005,281.42935,280.62772,281.2908,279.9278,280.5392,282.30875,281.45032,283.3798,283.9995,281.79684,282.2971,279.29993,280.67554,282.81943,280.1876,282.47757,282.94125
100,1858-05-16,286.31003,284.83112,282.892,283.85547,282.20316,283.49918,284.902,282.83563,286.06415,285.23203,283.9318,284.08743,284.73264,285.09695,284.61362,283.81113,283.06393,283.23972,283.6392,284.03543,284.9014,285.62988,284.19907,284.56427,284.09125,284.41907,284.42224,282.3335,283.90546,285.04596
101,1858-06-16,290.23257,286.97394,287.07407,290.43317,287.59564,287.0533,288.7162,288.61655,290.6633,286.5547,287.01526,287.33917,286.7383,290.09775,287.69724,286.5356,288.21512,286.66193,289.88556,288.33282,289.6618,288.24738,289.10013,288.3424,286.35513,286.97733,287.50272,286.57977,288.85233,287.176
102,1858-07-16,288.63727,287.96143,288.26532,290.9765,288.43588,287.18933,290.9843,290.38968,291.05856,288.72623,287.94867,287.2926,287.7637,288.6682,288.37637,287.79736,290.15256,288.03915,289.6895,289.33688,288.37283,289.73392,291.41672,288.95605,287.5511,288.51175,289.34335,288.73883,288.20657,289.11435
103,1858-08-16,288.65436,288.30862,289.9687,290.80566,290.57913,288.27252,289.97888,289.00388,291.8805,289.69992,290.09433,287.92813,289.16797,287.68445,287.3313,289.82465,290.50494,286.93262,289.12607,289.123,289.66653,288.83875,288.95016,291.121,287.1539,287.8627,289.6459,290.9952,288.73428,289.16122
104,1858-09-16,286.68066,286.4606,288.6286,288.01492,289.13776,286.62863,287.25815,286.78995,288.13455,286.8469,287.59595,287.0516,287.51587,286.43018,287.83536,288.09952,288.22705,286.92722,286.96066,287.55298,288.4237,287.75476,288.79932,287.52872,286.27356,285.04382,286.43668,288.91296,286.69574,288.13553
105,1858-10-16,284.07077,283.18933,284.83298,285.18164,284.62128,283.94528,284.43488,282.8529,284.60696,284.03772,285.30142,283.90582,283.69742,284.6014,283.9165,283.93842,283.8912,284.8161,285.25964,282.40695,284.3825,285.34995,284.4503,286.70935,283.752,282.33792,284.808,283.34335,282.3187,284.91107
106,1858-11-16,282.32727,281.40067,280.55624,281.35394,283.12967,282.61185,282.3865,280.28745,282.5341,280.86288,282.89227,280.19888,279.42334,281.08,282.3493,281.29028,282.20227,281.7841,283.22052,280.28085,281.34854,281.72845,280.67422,281.59326,281.07315,281.83215,282.4805,280.45712,280.7122,281.24606
107,1858-12-16,282.24948,278.25623,277.87994,280.21326,280.73978,279.69864,278.3073,278.08466,281.6306,280.84882,280.43652,278.13947,277.4321,279.34296,280.51462,279.11136,280.5818,280.52914,280.23328,279.18362,279.9169,281.12656,277.4965,279.73987,281.16312,278.16446,279.8173,279.73453,278.9503,281.40152
108,1859-01-16,279.61655,278.47174,278.42056,278.9602,278.18344,279.1142,276.8466,280.54868,278.44858,279.8877,278.69586,277.53638,279.88876,276.7563,281.1308,278.66016,280.6733,279.10696,278.33508,279.9231,280.34048,278.64966,276.0142,278.2376,280.51282,279.1066,277.84225,279.7303,279.75027,280.74365
109,1859-02-15,278.99762,280.32913,279.15332,280.8032,278.38855,274.05432,274.1762,278.67404,279.22668,281.13086,278.29047,277.07126,276.43213,271.33014,280.13766,280.62463,279.5504,277.2059,277.4459,279.22708,277.83914,280.1757,278.24887,278.71988,280.58713,277.32727,279.5296,278.57608,277.22128,280.0259
110,1859-03-16,281.56326,279.08902,277.13943,280.5127,279.08936,278.54614,276.78375,280.36328,279.41748,282.08722,279.9042,278.59363,276.23026,280.41507,280.32434,280.73312,280.8754,279.43634,277.85855,278.46185,279.12228,280.6317,281.50616,277.55478,280.8229,280.02863,280.1896,281.24698,280.6375,280.4013
111,1859-04-16,281.31448,280.46295,281.6669,279.21158,283.13416,281.9282,280.32532,281.19388,280.72052,281.91406,282.20532,279.53955,281.20523,281.37714,281.58334,282.87027,281.9357,281.81042,280.69962,281.13153,281.64786,281.72528,279.9578,280.48233,280.81,280.71924,283.20865,281.98227,283.91705,282.7516
112,1859-05-16,284.62207,284.29846,283.2913,283.39905,283.51675,283.24246,283.7919,283.77548,283.10446,284.51547,284.8265,281.65503,284.01227,283.3608,284.93964,283.99445,284.44922,284.19394,283.03098,284.80197,285.08698,285.12643,283.64594,283.8575,284.1945,284.57727,283.27954,286.43344,285.47952,283.16797
113,1859-06-16,288.01,288.54892,287.7265,287.67493,285.97067,285.93552,288.6684,288.09808,285.97427,286.76605,287.3795,286.62238,287.30676,288.27405,285.93448,286.55505,287.70505,289.99667,287.67258,285.1997,287.01138,287.1377,290.11932,287.61655,288.02023,287.69077,288.32706,286.82495,288.72586,285.572
114,1859-07-16,288.1574,287.6656,287.7435,288.66568,288.1336,288.429,287.54437,288.9147,289.25012,288.67282,288.2336,287.66284,288.41913,289.37097,286.89688,290.16696,287.9293,291.75198,288.16757,287.67688,291.23456,291.20212,289.52438,288.45316,287.6853,290.5282,288.68954,289.49545,287.14856,287.426
115,1859-08-16,288.88116,289.138,288.6812,289.52475,289.59952,289.7623,290.12082,288.68716,288.92325,289.0643,289.6558,288.34634,289.63116,289.32098,287.98666,288.36093,288.9467,290.7677,288.43793,287.4735,289.75253,289.79385,288.9157,288.76917,286.93454,291.18973,289.17627,289.71945,290.25684,289.25986
116,1859-09-16,288.024,287.20578,287.89575,286.63818,289.5531,287.10623,288.76257,287.99188,288.79327,288.1443,288.17694,286.5878,288.08936,287.1706,288.1457,286.60266,288.2093,288.56015,287.44708,287.3096,288.0743,287.81174,286.8482,286.80295,286.82498,286.82886,288.47403,288.3762,286.59973,287.08304
117,1859-10-16,284.01828,283.97012,284.98727,285.42328,285.78607,285.51236,284.39856,285.2668,285.66876,284.75836,283.33105,282.94382,285.81784,284.48117,286.0873,285.44235,284.74466,283.18875,284.3202,285.4726,283.93842,286.07312,283.3048,284.43985,283.55023,285.00867,284.68823,284.30743,283.92575,282.8977
118,1859-11-16,281.00247,282.38947,282.0241,280.9204,283.309,283.18527,283.29376,281.89233,281.33783,281.27512,283.29474,280.96198,282.4904,282.25107,283.28976,283.77594,282.52737,281.9938,282.33304,281.82858,280.96313,282.1875,282.03564,281.08685,282.0837,282.93048,281.2663,283.99,282.11978,280.7141
119,1859-12-16,281.15048,282.10312,279.94128,279.2636,277.9504,279.493,279.84927,280.4676,281.1131,279.8517,281.8012,280.3425,279.67456,281.1171,281.92053,280.94205,280.61234,278.4797,280.67017,279.2231,280.4676,280.48288,280.75995,279.6218,278.57285,279.77664,278.91028,278.52017,280.3094,279.60095
120,1860-01-16,280.95456,279.94714,278.29065,277.2301,277.29257,279.5982,278.7445,276.71466,280.2866,278.6768,279.15305,279.1185,275.59637,278.69528,278.7504,279.05484,279.2754,280.09525,279.2084,280.11038,278.3598,277.85095,279.87668,277.18533,278.8661,275.65027,276.46762,278.13742,278.58005,279.30365
121,1860-02-15,274.19397,279.85452,280.89255,277.18756,277.86954,277.862,278.84082,278.20087,276.00723,277.11746,277.43256,278.50668,277.7561,279.3006,279.8578,278.0422,279.93372,279.09045,279.2525,280.86896,274.47052,280.0084,278.01544,279.11972,279.51404,275.5121,274.61407,280.17737,280.08252,280.32025
122,1860-03-16,279.06708,280.1306,279.37573,280.669,279.7502,277.47754,280.3812,280.19443,279.6878,279.85733,280.00012,280.3143,279.5322,278.86105,278.27243,279.93515,279.05783,281.26395,279.51428,282.12463,277.682,281.8625,279.2235,278.749,279.63443,278.1986,280.70905,278.7019,280.0142,279.82166
123,1860-04-16,281.74493,281.71375,281.97076,283.23978,280.05093,277.8668,281.34244,282.9404,282.2517,283.2326,282.20197,281.0167,283.18332,282.55704,281.83765,282.0621,280.81744,282.24478,282.10938,283.04956,281.07965,283.28842,281.99985,283.12564,280.51617,281.8155,283.29062,282.11102,283.5774,282.09262
124,1860-05-16,284.13367,283.28616,283.9338,283.89722,285.39578,283.8157,284.63095,286.27222,285.34644,285.68115,285.2698,284.485,284.12534,284.919,284.66373,282.9371,282.76978,284.6776,284.37122,284.07666,283.54977,285.9837,283.17447,284.84238,282.8488,284.39917,287.32285,283.82257,283.3665,284.10193
125,1860-06-16,287.90408,287.8355,287.4895,287.6515,290.74036,287.3746,287.0063,287.7398,287.6054,287.68695,288.17245,288.94272,286.30664,288.00604,288.5977,287.0695,287.2483,290.09113,288.08017,289.46793,288.46808,287.66455,287.40396,287.43555,286.53622,288.04385,290.52048,288.2636,289.04898,287.6539
126,1860-07-16,288.932,290.01428,290.05432,289.10718,291.7796,289.32397,288.35693,287.5514,288.01447,288.33804,288.56024,289.316,289.2809,290.60544,289.6418,287.99893,291.1308,288.77536,287.37796,289.96848,289.14246,289.84122,287.66403,289.89188,288.4335,287.88852,290.24564,290.83643,291.03937,290.12387
127,1860-08-16,288.20477,288.97266,289.46432,287.26566,289.09396,289.53067,288.80402,288.99637,288.25272,288.14178,289.19452,289.49463,287.85263,289.72488,288.96487,288.38937,290.82516,287.90356,289.84985,290.44937,289.9395,288.82632,289.41754,289.74454,288.60144,288.01425,290.00452,289.21198,289.5741,291.75842
128,1860-09-16,286.67712,287.26038,287.77576,286.87152,286.78485,285.98032,287.77216,285.72513,288.57352,287.5163,286.9458,288.62607,288.2181,287.3971,286.50903,286.5858,287.1518,287.55695,286.8157,288.28873,286.1323,287.5843,287.36383,288.83728,286.8886,286.95264,286.43594,289.2528,287.4449,288.49216
129,1860-10-16,284.88834,284.5905,284.8787,284.00064,283.2194,285.19937,285.0354,283.08652,281.96692,285.3307,284.49283,283.5657,285.43536,284.7951,284.70056,283.64447,286.1446,285.54816,283.9988,284.93756,285.21796,284.17957,284.72507,283.91998,285.26395,284.3838,281.71365,285.9588,284.7225,286.12784
130,1860-11-16,281.347,280.14865,281.32382,282.73383,282.2786,282.2939,281.52673,280.7091,280.20044,281.04102,282.63348,281.0039,282.48553,283.68314,283.27286,282.5141,282.5423,281.1908,281.24826,281.28534,282.10684,281.00452,281.9638,282.79355,281.1232,280.30508,279.2579,282.413,282.06268,282.92166
131,1860-12-16,280.0048,280.39932,279.132,278.1987,279.27634,280.65536,277.6534,280.14133,279.06915,279.6127,281.50424,277.691,280.13205,279.37823,278.8994,281.16373,280.33823,279.98444,279.01367,281.41086,279.3955,282.16696,277.53293,280.76147,278.97437,280.36942,276.30368,278.17575,281.52115,280.6273
132,1861-01-16,280.91815,278.77225,279.6895,277.74246,279.5822,279.357,278.65952,277.12537,279.45596,278.61624,280.11426,273.52747,278.72205,280.29376,279.2129,278.3284,279.10742,276.60916,276.0924,278.64484,278.7357,279.19626,278.81494,278.89517,278.09763,277.87418,275.45004,276.91953,277.84946,278.78348
133,1861-02-15,279.23386,279.79898,278.67792,276.9364,278.85602,280.39172,278.0261,275.77777,277.6721,278.83667,279.96033,278.7981,276.12497,276.45563,278.89493,275.98196,277.90036,279.02283,279.23474,279.40134,279.63895,280.03696,277.26016,278.04965,280.45142,278.1105,278.5212,278.54425,280.15002,279.49554
134,1861-03-16,279.22784,278.13242,279.85623,279.57227,278.817,280.36957,278.6539,279.70786,280.12753,279.6876,281.00632,276.51483,279.64703,280.40976,280.20132,281.17444,279.36896,280.54926,278.27914,279.32867,278.76035,280.4235,276.58688,281.36334,278.15817,279.7124,278.9549,278.8657,279.97552,279.42566
135,1861-04-16,280.71027,281.9337,281.74075,280.92642,280.45102,282.29947,280.29333,279.5585,281.90143,282.1287,280.26685,280.0315,281.16287,281.7108,281.53174,280.45712,280.59793,281.02844,282.5931,279.98093,281.10806,282.1031,281.04938,282.03293,280.09882,281.41663,279.78558,279.78842,281.50513,282.2752
136,1861-05-16,284.0071,282.8148,285.77432,284.70953,284.06165,284.46844,282.5575,283.15543,287.06384,283.12082,285.76978,282.72867,285.79028,284.02448,284.59763,284.52664,283.9741,283.11603,285.1651,283.85242,285.82217,284.684,283.31393,283.72314,284.12204,284.58044,283.95203,283.63138,286.36743,285.1867
137,1861-06-16,288.0745,286.39404,290.04697,285.92288,288.15814,288.49857,288.6025,287.25058,288.31085,287.79904,289.04752,289.89954,287.9807,287.80215,288.20792,287.94775,286.32092,286.22217,288.15863,287.37613,286.78748,286.58057,286.32425,287.48923,286.54907,287.28146,286.49323,286.73096,288.49893,287.56918
138,1861-07-16,287.6728,289.33316,288.80856,287.49005,289.48755,287.4728,288.45218,289.6477,289.2556,286.94012,290.30228,289.7684,289.90805,288.5235,289.73788,288.48486,288.4,289.23563,288.17532,288.8203,289.0464,289.5218,288.2786,287.80045,288.24084,289.62677,289.3019,288.5618,287.6597,290.64404
139,1861-08-16,289.414,288.07388,289.30344,289.37686,288.92908,290.24646,289.51978,288.7597,289.99588,286.7966,290.0788,288.55286,290.21887,289.14746,289.23764,289.475,289.17657,289.82446,289.6376,289.5721,288.74042,289.76062,288.42993,289.74234,288.92444,288.58676,288.6071,288.353,288.49448,288.13474
140,1861-09-16,286.82727,288.85974,289.2768,287.7128,286.96808,288.5529,286.97705,286.7733,288.18735,286.6636,288.12256,288.17133,288.62506,286.6638,288.47455,287.6438,287.53122,288.7035,287.54623,288.38544,286.49554,285.95294,285.90472,286.96176,287.43597,287.34875,287.6558,286.29282,288.56485,287.84424
141,1861-10-16,285.4451,286.17935,286.8638,285.51218,283.57794,286.53348,284.72992,285.24573,285.14618,283.39642,286.67145,283.9015,286.14664,284.91373,284.2755,285.82877,284.50534,286.64175,284.69693,284.93765,285.18204,285.10822,285.73056,284.71036,284.5438,284.52292,285.14157,283.88837,284.8748,283.36548
142,1861-11-16,281.19516,283.3804,282.99353,283.47592,282.33163,282.94128,282.6573,282.56464,282.43408,282.0668,283.97983,282.73813,283.7785,282.5702,282.61295,282.62326,280.60297,283.92404,281.15475,281.74216,282.1174,282.31763,280.9215,281.70102,280.7875,282.7343,281.59836,281.83304,281.30545,281.4071
143,1861-12-16,282.00742,278.55505,280.82626,280.91388,280.3696,279.84436,280.35675,279.92194,281.25995,281.54532,280.50085,281.8091,280.22684,278.6473,277.05746,280.4539,281.79202,280.177,280.01187,278.7412,280.3464,280.47604,279.73495,279.12567,278.1363,281.28818,280.9214,279.20706,280.48602,278.25726
144,1862-01-16,280.0043,278.7095,279.05167,279.70798,277.6507,278.4907,279.64435,279.96658,279.6902,279.70242,280.78305,277.20932,278.07327,276.9081,277.1118,280.87106,280.81613,280.23224,278.5441,278.59323,277.46475,280.09082,279.18777,280.7189,276.95276,275.937,275.49225,276.4163,277.14984,280.31454
145,1862-02-15,280.28452,278.0919,281.2173,279.39722,279.56882,279.1114,281.92487,276.86005,274.75153,276.80896,278.52414,279.48254,279.0095,275.2043,275.47403,279.3785,279.54333,281.53644,278.23645,278.4261,280.28235,278.06747,276.6571,279.20947,273.65375,280.118,278.00217,279.68747,279.1593,279.9029
146,1862-03-16,280.9423,280.86063,279.5968,280.79895,278.98468,279.70203,279.52582,280.5588,279.3317,278.47983,280.20462,280.89084,279.10605,280.03333,279.429,281.33517,281.02655,279.6017,276.92297,280.73288,277.5971,278.36823,280.5962,279.14395,277.38626,280.68173,278.54913,280.7434,279.59213,280.16956
147,1862-04-16,282.37396,282.4148,282.21753,282.41122,281.06256,282.45374,279.4496,280.09894,280.48782,281.68683,282.07468,281.11206,283.94043,279.8746,281.01993,280.81433,281.8225,280.4166,277.87955,281.84583,276.428,282.52036,280.3881,281.38144,277.9308,281.10648,281.58652,282.04376,282.25952,281.65668
148,1862-05-16,285.13083,284.74182,285.84903,284.78882,283.91788,284.6316,286.11002,284.39594,283.79037,285.30228,283.5822,284.13385,282.4023,284.82126,285.7374,284.00946,283.84952,283.95868,283.22696,285.0151,283.1472,282.9675,283.81366,282.5414,283.70187,283.7561,283.85477,283.41727,284.9932,285.5525
149,1862-06-16,288.52283,286.1414,289.58655,289.3339,285.99774,288.2496,287.83273,286.6003,288.43967,288.4353,287.9961,289.337,287.09714,289.4064,288.75732,286.96213,286.61942,287.16098,287.0781,288.35287,285.91702,288.59537,288.73407,287.17276,285.8304,287.33713,288.74255,288.1245,286.0699,287.58914
150,1862-07-16,288.7326,289.04538,289.99622,288.7204,286.12186,289.981,289.73636,289.96515,289.9695,289.29834,288.9247,287.8469,287.05704,287.74734,288.07623,287.33456,288.12183,289.0246,289.21295,288.89554,288.25494,289.8678,290.0209,288.39572,287.06256,287.93738,289.3079,288.11902,287.55582,289.11905
151,1862-08-16,288.6466,289.08533,290.82623,288.65884,286.79282,289.79532,288.0485,289.0331,289.30865,289.1456,288.0099,289.30075,287.2559,288.6217,290.14224,287.69797,288.34354,288.6844,290.3225,288.2736,288.63724,289.31982,289.80954,289.3453,287.85834,288.70514,289.73102,288.79764,288.0444,289.25293
152,1862-09-16,287.74585,286.87802,286.537,288.07068,287.31003,287.364,287.53366,289.34232,288.2484,287.48358,286.86914,287.6246,287.38724,286.6151,288.33755,288.35138,287.08786,286.5895,288.18997,287.16565,287.20932,287.84326,287.76437,286.96497,286.87534,286.9096,287.81763,287.2794,286.38867,286.89316
153,1862-10-16,284.54526,286.47913,284.91486,283.93314,284.987,283.9369,285.47842,286.40424,286.29288,286.664,283.66367,284.11566,284.85675,283.71945,285.8735,285.54263,285.09763,284.01837,283.55338,285.78754,284.41306,284.913,284.5521,284.99402,284.75024,282.86942,284.46503,283.5033,283.03104,284.91553
154,1862-11-16,280.99234,280.7236,280.66498,283.53098,279.66425,282.5769,282.603,282.31415,282.05862,281.30164,284.41553,281.485,281.80792,282.14908,283.42657,282.93048,281.71017,281.26096,283.16855,282.26654,282.4453,283.0198,280.45346,282.4208,281.5388,281.75137,280.8163,281.65323,282.2249,282.1777
155,1862-12-16,278.64526,277.26605,281.30127,282.03268,280.24548,280.13483,279.4038,280.2958,280.0631,280.4087,281.82913,281.0005,280.0708,277.72855,280.35825,279.93356,280.94177,280.46304,276.7715,281.81393,278.79025,280.22345,279.79095,279.28485,279.563,278.96124,279.87054,279.60953,280.03333,281.2194
156,1863-01-16,280.32678,275.53427,278.64166,277.39377,279.21634,280.0881,280.59723,279.42404,277.63663,280.24704,279.52567,276.51614,278.089,274.34958,278.8417,276.62717,280.23102,276.33783,278.35855,280.1373,279.0563,277.64807,279.35504,279.80273,278.13583,277.24548,280.32205,279.78848,280.45297,278.60358
157,1863-02-15,279.93356,276.5136,278.0848,278.0223,276.26938,277.58972,276.16638,277.0128,277.6898,280.59238,280.93335,280.5556,278.38034,278.38443,280.13705,275.32336,282.32584,275.08524,278.5601,277.03085,278.01135,280.69955,280.09268,279.80814,280.36914,274.06052,277.69843,278.98383,279.3892,279.98608
158,1863-03-16,279.1411,281.44772,280.3477,279.7782,279.96082,276.80566,276.86963,279.6404,280.27698,280.78757,279.85022,279.64954,280.96387,279.04446,280.91498,277.4371,281.38574,275.50415,281.87143,278.1042,279.53043,280.60352,280.7817,279.83682,279.2055,279.99973,280.25143,279.94165,281.80814,280.1011
159,1863-04-16,282.19803,282.9121,280.51132,279.7928,280.35635,280.0528,277.26318,282.5292,279.8858,283.18994,281.41043,281.9341,282.63367,278.17154,282.3266,280.48553,282.21756,277.84384,281.89914,282.29285,279.68195,282.7212,283.19644,282.02106,283.67014,283.12296,281.75153,282.30853,282.04504,281.59164
160,1863-05-16,284.30746,285.07364,285.70016,285.16852,285.62344,283.07483,283.72443,284.90775,284.20267,286.1696,284.24872,282.87485,285.1754,283.10934,282.53384,283.04596,285.22858,282.8511,284.0366,283.72137,283.92413,284.56332,283.39252,284.5271,284.73605,284.84064,283.76968,283.65784,283.9794,283.81232
161,1863-06-16,288.1391,289.41324,288.53714,288.1169,287.60446,286.66196,285.79196,288.39664,286.18307,288.0124,288.09216,287.38898,286.16537,288.47095,287.71024,289.1566,287.88074,285.0752,287.19772,288.44254,287.028,288.8508,288.4627,288.47598,287.32507,287.6093,287.96118,287.24277,286.04764,287.35822
162,1863-07-16,290.85605,290.2781,290.448,287.01813,288.5815,288.61975,287.86887,289.16318,288.19888,287.96066,290.2582,288.48157,288.87738,287.92905,289.51337,290.4188,288.60852,287.5774,290.297,289.41934,287.44528,287.99753,290.675,289.8474,287.2836,289.01575,287.97787,288.42908,290.02783,289.28094
163,1863-08-16,290.52078,291.3573,289.85577,287.60022,290.00232,287.49612,287.7251,290.10062,288.0441,289.4785,288.95667,287.65717,289.97504,288.14774,288.3597,289.8507,287.59866,287.27814,289.14236,288.52203,288.6337,288.42938,291.3616,289.07532,289.61536,287.40305,289.8306,288.02597,288.75943,290.45663
164,1863-09-16,288.05762,288.2055,287.9544,286.596,287.59076,286.13675,288.7718,286.64716,287.77228,286.75812,286.91498,287.13315,289.17218,287.38602,285.7101,289.4005,287.9183,285.50922,286.47186,287.6961,286.79416,287.67804,286.97,287.09396,287.97775,288.2215,287.78232,287.8364,289.33096,287.49612
165,1863-10-16,284.1527,283.59937,285.06018,283.6024,284.58798,285.47986,285.26364,285.1086,285.32755,284.97467,283.40265,285.04446,285.68295,284.2962,283.9639,286.53506,285.64496,283.03043,284.20685,284.81784,284.70584,284.6828,284.0968,284.1811,284.79596,285.53015,284.82956,285.97797,284.1686,285.8444
166,1863-11-16,282.85785,280.94968,282.57703,281.9779,282.31284,282.7545,282.46814,280.7338,282.5,278.50305,280.7382,280.9413,281.55035,281.0173,283.00693,281.18076,281.9466,280.26147,279.2883,282.00272,280.49792,281.56805,282.47202,280.93317,282.20306,281.16882,280.91666,281.82062,282.37943,281.75058
167,1863-12-16,281.43762,280.38882,281.25632,279.0669,281.44476,279.47275,281.1554,279.45203,278.4188,278.24017,281.19565,279.63892,278.4835,280.28537,279.3757,279.3904,280.34137,277.81912,277.91,280.60294,279.01474,281.71136,278.3245,279.47263,279.67606,278.44077,279.22852,277.09976,280.48627,278.76697
168,1864-01-16,281.38873,280.80533,279.33444,279.9443,278.7489,276.88397,279.4439,278.71268,280.57007,279.36783,276.64432,279.8372,280.138,274.09268,280.28162,278.5347,278.02582,278.22592,277.7261,279.88818,280.92413,277.9578,278.55377,277.78305,277.19193,278.73935,279.55518,276.3776,280.07504,277.974
169,1864-02-15,278.11734,278.123,278.428,276.74503,281.84708,278.10623,277.59354,278.82056,280.0359,278.12265,277.21555,278.65674,279.11035,278.99976,278.05927,276.72656,277.20667,278.4122,278.9715,279.69968,279.87656,280.14786,280.38538,277.77335,278.13797,279.37894,277.89758,278.89618,279.6821,279.42905
170,1864-03-16,278.92197,278.89206,279.58984,276.53943,281.1332,278.179,280.65686,281.04593,281.26233,281.53003,278.71448,278.37698,280.30853,279.87582,279.6616,280.26053,281.1738,280.4942,280.07266,280.9889,279.8717,281.71954,281.87976,277.52982,279.2177,277.44458,280.5058,281.24326,281.65222,279.80908
171,1864-04-16,279.11368,280.52213,280.54385,278.68655,282.11383,281.2956,281.9631,281.91296,282.9768,282.78223,281.42007,281.4339,282.76535,282.9632,282.10788,282.26437,281.57895,279.81573,281.4969,280.96814,281.39093,282.65723,282.89294,280.51645,282.6707,282.08102,282.2071,281.86224,282.21805,282.59567
172,1864-05-16,283.50732,284.2045,284.75516,283.7905,284.72583,285.42526,284.62842,285.76956,284.047,284.51935,285.4115,283.31134,284.0856,283.29047,284.3625,286.923,286.07263,284.01404,284.5164,283.60028,284.65298,284.66022,284.7131,283.43997,284.451,281.78275,286.47903,284.32584,283.87927,286.97195
173,1864-06-16,286.7187,287.39523,288.1328,290.28308,288.9705,287.6959,286.05206,288.2716,288.14035,287.92432,287.18628,287.53198,286.6306,286.1608,287.38736,288.4462,287.51462,287.2327,286.44858,290.5012,287.37286,285.49493,286.0856,287.30475,288.40945,286.9039,286.3113,287.20352,287.97452,287.13803
174,1864-07-16,287.415,287.15054,290.31085,288.8519,289.2587,288.163,290.3957,288.19867,288.85162,288.33087,288.40112,290.428,288.872,289.8362,287.9042,288.00717,291.18933,288.7335,287.66248,290.0972,288.97226,287.68216,289.4755,288.5337,288.4864,290.39673,288.71277,289.34607,287.1731,288.24417
175,1864-08-16,288.5196,289.74353,289.8439,289.01324,289.53293,289.59677,289.62415,289.5379,291.26712,290.05856,289.28052,290.25583,288.9844,288.18063,288.13348,288.36472,289.05176,290.53012,288.84772,290.0149,288.73602,290.17572,290.6663,289.64224,288.2178,290.5069,287.26318,288.86987,286.89023,288.14407
176,1864-09-16,287.1227,287.0103,288.57465,287.27835,287.344,287.1173,289.3719,288.401,290.12964,286.45285,288.48087,288.2067,287.7895,287.8739,286.73148,287.309,286.37717,286.75198,286.01724,287.9157,287.7484,288.71002,288.7456,287.54037,287.3384,288.19812,287.362,287.01004,287.11124,287.6634
177,1864-10-16,284.14215,284.9705,285.66418,286.3304,284.4837,285.64438,284.33694,286.3268,285.82672,284.9248,284.19666,285.19028,284.06732,284.9144,284.5895,282.68668,283.8274,283.4386,283.87717,285.66473,285.32422,285.3045,283.48825,285.04117,284.5617,285.25638,285.36746,284.87854,284.07867,285.16733
178,1864-11-16,281.57242,280.49368,282.20874,282.6025,282.91724,279.98898,282.93268,283.3381,282.56076,284.4327,278.54733,280.33432,280.5694,283.50003,280.23248,280.83133,281.37097,281.91647,281.0508,282.8678,280.0121,282.2224,282.31323,283.91125,280.192,279.59576,281.02426,283.59094,281.23795,281.0815
179,1864-12-16,280.9328,278.04123,278.5027,279.4305,280.42792,280.46378,280.36096,281.721,278.98608,281.07034,279.8018,281.16983,278.04727,279.29202,280.2299,280.04495,279.30847,279.3587,279.70096,280.60794,275.8987,279.87445,278.94406,281.07608,279.46442,278.19666,281.53204,281.9591,279.67154,281.03284
180,1865-01-16,280.75977,277.72836,278.74823,280.2037,279.27258,279.29288,280.24808,279.5027,280.3384,280.80026,278.08377,278.54758,279.0703,280.46368,279.49966,278.44885,279.00992,280.3674,279.42038,279.74448,279.9857,278.5663,276.71448,275.6374,279.03122,277.74646,279.779,278.55524,276.57745,279.28302
181,1865-02-15,277.97052,280.27634,277.4571,279.2526,280.31778,278.9889,278.2221,280.17233,278.94006,279.2609,280.35892,278.05664,278.95108,277.7239,280.2604,279.5003,280.5856,278.872,278.36948,277.4049,277.34702,279.05685,279.64056,278.96478,277.35556,277.69028,279.39697,277.43878,278.86816,277.677
182,1865-03-16,279.58807,280.78864,277.98056,279.9832,280.4213,280.4926,280.53076,280.05664,279.05212,281.322,279.52765,278.85117,280.11496,277.78082,281.86166,281.0093,279.41794,280.2318,280.69717,278.20764,279.49167,282.21417,279.1473,279.98355,279.49838,280.03598,279.4842,278.27292,281.59418,279.01566
183,1865-04-16,282.15552,281.62018,278.80396,281.2235,282.65564,281.5405,283.138,280.7532,279.14627,282.5592,281.80478,281.73126,282.8435,281.27454,281.28754,281.9608,280.18024,279.32922,280.3112,280.6399,283.6201,281.38574,282.81302,282.2809,282.7298,281.58728,280.50653,280.3793,282.97797,279.59793
184,1865-05-16,283.98596,285.05917,282.1438,284.49805,285.65988,283.43646,284.53665,284.67157,283.01425,285.9175,282.7124,282.54355,284.36325,284.47968,282.45294,284.51242,282.47418,283.97748,283.67535,285.8767,284.714,284.32965,285.51782,285.16882,285.52045,284.12366,283.2827,285.05063,284.49033,283.98273
185,1865-06-16,287.46674,286.9884,287.21194,289.26987,287.37073,287.97128,288.82504,286.32407,287.2447,287.6723,285.92914,286.57678,287.64255,287.88608,288.24924,287.1566,286.13348,286.1413,286.6482,288.64133,288.25436,288.03583,287.63275,288.49646,287.2983,286.3046,288.16434,286.3911,287.73242,286.69382
186,1865-07-16,289.93845,289.78287,287.73953,290.5528,288.87442,290.2306,289.06897,287.04987,289.131,288.4766,288.79388,286.95615,289.70892,288.38263,287.4058,287.96393,288.70117,287.2923,289.45618,287.39316,288.77054,291.93445,287.7239,288.68427,288.84384,288.87585,287.86093,288.0019,289.25018,289.33456
187,1865-08-16,291.1716,288.57367,288.39603,288.95865,288.04608,289.37512,288.73663,288.1292,288.08838,289.73114,289.14404,288.1465,290.3819,289.05176,288.9061,288.77713,288.7003,287.91623,288.25732,288.9342,289.01114,290.15768,289.0307,289.21558,289.71982,288.4291,287.85657,288.21597,288.83713,290.6384
188,1865-09-16,288.6703,287.84393,286.46683,287.9906,286.39282,286.04645,287.58032,287.35696,287.8996,288.44705,285.49643,287.1904,287.46948,285.70798,286.48123,288.02634,286.8495,286.09476,287.5759,288.0252,287.07086,286.88715,287.45743,286.57425,287.00665,286.04358,286.0913,286.3519,286.11523,286.22238
189,1865-10-16,287.17276,283.678,285.50143,286.68906,284.24908,285.42007,285.11304,284.0904,284.81998,284.96194,283.99658,284.80234,285.7718,284.73615,284.4322,284.42404,285.13736,284.51822,283.2099,284.02472,283.26944,283.4229,285.17773,283.9098,284.29416,283.16263,284.4282,284.5726,283.93524,285.24152
190,1865-11-16,281.10202,280.66916,280.4351,283.90692,280.9167,282.4676,280.4,280.16397,281.7049,283.1678,279.42694,282.39896,282.20834,279.49692,280.46072,280.64334,283.40994,282.98846,282.43265,280.0658,280.73755,281.94455,280.85208,280.87558,282.6583,279.11273,282.3446,278.61963,281.01984,280.87744
191,1865-12-16,277.18167,276.70776,275.90707,280.78244,279.2134,281.1273,279.3765,279.78156,278.78787,279.52267,278.33078,278.62665,280.6943,280.72147,279.2685,280.14795,279.34842,279.8893,277.91772,277.76755,280.0542,278.9249,280.09418,282.5868,280.3582,279.1663,280.76672,277.77066,280.46765,279.95285
192,1866-01-16,279.40982,280.75208,276.58218,280.61633,278.75195,280.2868,279.83633,278.04825,280.42972,279.03314,279.3919,280.7667,279.1468,276.76727,280.46558,278.73544,278.15768,277.6764,278.56332,279.07724,279.4506,275.95978,278.4689,279.46555,276.7842,278.56937,278.80353,273.30508,277.34402,278.55292
193,1866-02-15,279.12128,271.61404,280.30438,279.96997,280.5524,278.15677,278.15494,278.23752,279.28726,279.6939,280.91736,281.79507,277.16785,275.16412,280.0122,276.13135,279.00873,278.91046,279.05783,278.90503,278.2502,277.81244,279.07013,280.39047,272.94717,276.55118,279.31683,276.976,279.60025,281.3733
194,1866-03-16,280.48425,278.29614,279.0832,281.20273,279.43173,275.776,279.1846,279.52026,277.0692,280.34613,279.0394,281.39105,280.77655,277.75632,279.92276,277.30878,280.1887,279.1176,280.3365,279.69598,278.15607,279.86237,279.81827,280.17398,280.4102,279.95016,278.86682,279.41785,280.06982,281.0766
195,1866-04-16,280.86353,281.26163,279.7533,282.79163,283.535,280.89523,280.52048,281.1813,282.43652,280.68204,282.06686,282.8525,281.57727,275.49335,283.0025,279.97537,281.21756,279.71307,281.70493,279.4635,280.89395,279.49695,280.13483,281.01654,283.0001,281.5856,278.45914,282.16647,278.93753,282.9366
196,1866-05-16,285.15244,284.1535,283.68286,285.42123,283.4597,284.5297,283.86932,285.28012,283.23203,284.77158,285.95416,284.4752,284.58463,282.55643,284.51886,282.4188,284.04282,283.21115,284.42334,284.2814,284.05136,284.05035,284.0026,285.38928,284.52036,283.23578,282.43622,283.8739,285.03488,284.76056
197,1866-06-16,286.2431,284.83002,286.267,286.93326,286.38416,286.89838,287.3978,290.14404,289.74988,286.10443,288.3081,287.09525,288.0794,286.98077,285.9741,287.46387,287.63303,287.6872,287.39465,287.52155,289.6356,285.69785,286.8268,287.39853,288.5756,287.4131,286.78787,287.55676,288.9241,289.09406
198,1866-07-16,288.03183,288.49774,287.74564,289.73334,289.50854,289.0331,288.6505,289.5677,289.80127,289.12692,290.44736,290.23248,287.61935,287.28906,289.00702,287.55676,288.97064,288.9503,288.33987,288.62448,289.78024,287.94788,288.4443,288.08878,289.08282,287.17532,288.23663,289.19092,288.6857,289.45044
199,1866-08-16,291.21155,288.02643,289.411,289.8493,289.665,287.81726,289.85422,288.46906,288.52954,288.0748,288.98566,289.46716,288.76953,288.53317,288.7955,287.6154,288.9091,288.06592,286.71497,289.99426,290.4175,287.8668,287.61954,288.7037,288.28275,288.04156,290.51483,288.79288,289.45483,289.70438
200,1866-09-16,288.38724,288.1488,288.16724,287.94165,288.31177,287.21368,286.97665,286.99524,287.516,286.05194,287.47437,287.70557,287.39984,286.65128,286.67902,287.2329,287.18835,287.38916,285.47003,287.86316,288.3208,287.57574,287.60394,287.88214,287.1124,286.0658,288.36554,287.36703,288.18317,288.46085
201,1866-10-16,284.89502,284.59262,284.56754,283.11105,285.1127,284.4136,284.1343,284.6594,283.73322,284.29565,284.46347,286.02637,284.80963,285.27014,283.14285,284.34485,285.3556,285.6791,284.125,285.93723,284.06982,285.70016,282.8112,285.21527,285.1625,284.33115,286.35834,282.85535,285.63702,284.6519
202,1866-11-16,279.11285,282.68665,282.61133,282.6217,281.40927,282.42438,281.2425,281.25638,281.26978,280.71396,281.08075,279.1453,282.6108,279.68503,278.21384,281.0169,283.55673,284.02542,281.47412,281.8551,282.65527,281.75922,279.5653,281.48044,282.52216,280.30466,281.7284,280.9868,282.92294,280.54932
203,1866-12-16,276.9291,281.20624,279.4177,281.6344,282.64807,278.2293,280.14206,279.57748,279.9035,279.22415,278.8256,278.75793,280.93408,279.479,277.44904,278.9584,279.43762,279.64023,279.5868,277.99088,281.36502,279.51367,279.42133,279.1191,281.1068,280.03528,280.38974,280.19022,280.88797,279.10892
204,1867-01-16,279.88638,279.4151,277.75586,280.25333,277.36447,279.57993,278.5345,278.93732,279.67236,279.50616,280.38638,280.5662,277.87335,279.91522,277.59958,277.81192,276.83063,276.98865,279.3352,278.79785,278.95667,279.66724,277.64145,273.58908,279.19208,278.91016,277.88632,277.78662,280.9614,280.8668
205,1867-02-15,278.0979,278.16495,280.34863,279.09225,274.9162,277.60226,278.36047,278.65506,278.14432,279.1754,279.40674,278.4064,280.83286,280.193,278.95496,278.86133,278.72568,278.29913,278.39023,278.76428,277.71658,280.94815,275.2915,277.94458,280.86743,278.21567,276.8842,274.93753,281.24908,277.62082
206,1867-03-16,278.2161,278.62924,279.895,280.82175,278.62866,280.60095,278.64108,279.62866,280.6604,279.27902,280.7087,278.5761,278.34412,280.8717,279.48596,277.23016,280.8616,279.8808,282.8463,280.7541,279.1374,281.8359,280.44873,280.6419,281.46848,279.9661,279.66904,280.28336,279.83832,278.51062
207,1867-04-16,280.80194,280.84628,281.5322,281.92996,280.8806,281.4633,281.95538,280.98087,282.32632,280.82938,281.99313,282.6361,279.01038,281.39316,283.46542,281.11884,280.72427,281.51346,283.00143,281.0818,279.3888,281.8412,281.7205,281.51514,282.74554,281.48822,281.26605,280.05038,280.84854,283.96735
208,1867-05-16,283.40143,283.7113,285.31354,285.1809,283.85513,283.77966,284.3684,285.06128,286.12964,284.00388,284.37067,283.86948,283.6137,283.81653,286.56995,284.85635,283.59573,285.4494,285.25632,286.26373,283.3869,284.68616,283.91336,283.70328,284.3805,284.0458,285.2779,285.45816,284.46893,283.22913
209,1867-06-16,284.34784,287.57925,288.8064,287.58682,286.98096,287.89227,288.1482,288.43378,289.18884,285.69092,288.88428,289.1541,287.7888,288.02856,287.06668,286.81638,286.52966,286.49307,288.96756,287.68488,290.05063,287.57965,288.46942,286.99033,289.00317,287.14203,287.78625,288.45483,287.53085,286.23917
210,1867-07-16,286.57812,289.97076,287.18958,289.9185,290.2121,288.6251,288.44553,289.3045,290.6698,288.15494,288.17072,289.39664,288.97415,289.56345,288.13312,288.44916,288.64142,289.21863,287.9008,288.89206,290.05304,288.9127,288.1233,289.2676,289.77206,289.6745,288.68347,288.86133,288.65097,287.49484
211,1867-08-16,288.0013,289.59442,290.40607,290.3468,290.27118,288.5394,289.60312,289.00595,289.42566,288.2428,290.59766,289.81067,289.29996,291.81158,288.17703,288.1487,288.61713,288.97253,288.09018,289.70285,290.55014,287.5109,289.43365,289.0187,290.01813,288.69754,289.79242,288.62643,289.148,289.54282
212,1867-09-16,287.50085,287.63568,286.66876,287.79263,288.8359,287.4872,287.6608,288.96002,288.1245,287.44766,288.16638,287.2429,288.5554,288.38043,288.61636,286.7775,288.78094,286.7528,286.86743,288.59882,286.42047,287.84018,286.64316,287.7829,288.05582,287.61374,287.20926,287.83325,288.94815,286.71298
213,1867-10-16,283.8484,284.43692,286.20627,284.74588,285.29648,285.12964,283.47574,284.73004,286.01996,285.9269,284.0585,286.446,284.47458,285.78607,284.5823,284.90265,285.7357,284.4782,284.504,283.21432,285.17657,285.38303,285.01505,285.59476,286.04187,285.82547,283.06924,285.24176,285.32248,284.722
214,1867-11-16,279.2268,281.66672,280.81595,282.5742,281.3773,281.86786,281.38934,280.99307,284.24667,280.44846,282.9154,281.5906,282.25186,283.43652,282.74362,282.7882,282.44504,280.4375,279.423,283.18457,282.21188,281.91174,281.39984,282.99667,282.32205,283.26028,282.6016,282.91617,282.57104,279.62778
215,1867-12-16,277.20142,278.23193,279.9732,278.96606,280.53406,279.33353,280.79102,280.66864,282.01,278.02396,281.08188,279.70218,280.22888,280.1193,278.19662,278.08844,280.8929,278.13077,278.41336,280.5227,279.77817,282.22345,280.54868,281.88022,282.8116,280.64258,278.3223,280.8809,280.0293,279.33508
216,1868-01-16,278.45428,277.50958,277.39163,275.20016,277.74982,274.63092,277.84952,279.56204,278.91742,275.196,279.85696,280.49268,279.55365,276.35342,276.3224,279.2335,280.05804,279.14386,279.6506,277.62357,278.3671,279.7746,279.35678,279.78717,280.19574,278.07138,277.19296,278.59952,279.11887,278.94232
217,1868-02-15,278.56122,278.56815,278.25302,279.29196,279.1986,277.7768,280.0552,279.37503,279.09058,278.85364,280.16132,280.43207,279.7614,277.54764,278.17004,277.17407,280.01898,277.64084,279.54712,275.18344,279.4801,278.41818,278.1604,280.5925,276.3909,279.37933,279.24356,280.69147,281.2193,275.39337
218,1868-03-16,280.3007,277.4679,279.1858,279.98413,279.55453,278.50162,279.9064,280.81775,280.28418,280.14874,280.57565,281.50867,282.07626,281.47482,279.58835,281.28934,280.70734,279.62177,277.89496,280.58365,280.8513,279.79156,279.99838,281.71402,278.33023,278.88824,280.8774,280.491,280.47086,276.68063
219,1868-04-16,282.25327,279.7142,281.5809,281.16226,279.62213,280.36035,282.96103,281.5106,281.92114,282.54385,280.56433,282.25632,283.90826,281.05438,281.68237,281.90952,283.3032,280.17667,281.1688,281.6319,280.6563,280.02032,281.47836,281.38263,280.42844,280.2123,283.29965,281.6187,282.80045,280.33
220,1868-05-16,282.48523,284.69638,282.7806,283.75784,283.86356,283.58502,284.83765,285.63553,283.86035,285.6945,286.03387,284.35358,285.96237,283.6781,284.40424,283.1736,283.72556,284.66998,284.98236,284.70575,284.83804,283.34558,283.5334,284.86176,283.47684,283.6889,284.91974,283.44635,284.99655,283.35464
221,1868-06-16,287.165,287.03864,286.87457,288.42957,287.8719,287.76935,287.3591,287.98947,287.90018,288.16034,287.39902,287.75534,289.66376,289.0088,286.92007,287.22626,288.05307,285.21542,288.71985,287.55597,286.56842,287.50568,285.3062,287.05948,286.07602,285.90738,288.05502,285.9069,289.95084,287.22983
222,1868-07-16,288.90082,286.9782,288.3476,289.00134,288.59906,287.78027,289.60645,288.36603,289.68213,289.44333,288.09595,288.68124,290.13556,289.53738,289.7387,289.21167,289.06534,287.15598,289.26474,288.84167,289.09146,288.56186,288.05118,288.13684,288.14014,287.1493,289.60184,288.88116,288.23648,288.1776
223,1868-08-16,287.71158,288.13647,290.35736,289.67096,290.352,289.99402,288.73685,289.09793,289.13376,289.25412,288.442,289.8089,290.835,288.6564,289.12628,290.1487,289.06012,288.5321,289.0854,287.7459,289.5815,289.7738,288.01114,289.96054,288.6189,289.56943,289.41562,288.06244,289.74243,288.93405
224,1868-09-16,287.83707,286.26312,288.12436,288.845,288.15482,288.30292,285.42752,287.54562,289.3249,286.5565,288.06882,287.54437,288.4739,286.57977,286.4786,288.30978,287.4283,286.6747,286.01868,287.71838,286.97446,286.55786,288.60043,285.7682,285.82434,287.2791,288.43103,288.2239,287.31708,288.67175
225,1868-10-16,286.07916,283.92532,283.11597,285.4794,283.82565,285.1777,283.40167,287.1107,285.2353,285.05786,284.59274,285.08292,286.38123,285.1014,282.58725,285.44998,285.32953,283.26855,282.9269,283.45624,286.4533,283.6003,283.91653,283.9205,285.253,285.40707,285.20538,286.92126,284.6642,284.1304
226,1868-11-16,281.67902,280.3902,281.46732,282.7318,281.78308,282.26974,282.3148,283.62686,282.54108,280.45392,280.5624,281.1217,282.49197,282.28522,281.03183,282.94754,283.79178,281.78323,282.87042,282.8634,282.0516,281.6792,281.30408,280.84723,281.29504,280.55087,282.79922,282.88626,283.5121,282.47974
227,1868-12-16,280.79834,279.99646,276.13367,279.80737,280.88324,278.79822,280.0203,280.4624,278.03296,278.26123,279.6243,280.42435,278.38477,278.51453,281.38986,279.7096,281.09814,276.86594,278.32297,280.89185,279.18152,278.0958,281.17624,278.51584,279.95483,277.90784,281.332,280.29898,280.55832,278.91653
228,1869-01-16,278.74292,280.51883,273.3782,278.3966,279.00458,279.39517,280.18506,280.22745,279.89212,279.6129,277.83145,277.32602,278.39954,278.47968,279.06287,279.57782,277.90045,278.31244,279.00708,281.01508,279.40622,280.198,277.44064,277.38995,279.6793,279.04614,278.70538,278.34384,277.50735,278.29016
229,1869-02-15,279.31195,279.39728,277.1576,277.5412,278.57715,280.3343,280.05322,277.61227,278.6467,278.01172,279.63986,278.39014,276.41727,278.6765,278.86566,279.36462,277.513,278.59995,277.74185,279.33954,276.65936,279.35507,276.39145,277.7684,277.6814,276.9442,278.5933,280.25754,277.54947,277.69403
230,1869-03-16,278.10257,278.80243,280.0341,278.41592,279.9456,278.00598,280.06216,278.06033,280.42554,279.6369,279.7396,280.0771,277.47824,279.26663,279.95172,282.29803,275.65973,278.46106,279.78912,280.14087,276.64346,280.4921,279.73862,279.51794,280.22552,280.41864,277.47256,278.88358,280.20117,278.02374
231,1869-04-16,283.455,281.56305,282.34943,281.6568,281.63806,281.23486,282.94223,281.3024,282.0796,282.52307,280.2592,279.93512,280.75504,281.7426,281.53287,282.04843,279.46442,278.9127,281.6268,282.23343,281.27032,281.68805,282.52097,281.77853,281.9892,281.91153,280.74258,282.0313,282.4012,281.00272
232,1869-05-16,285.3099,286.34976,283.96323,284.00812,283.4732,282.7136,284.75134,282.66965,284.40558,283.046,285.46466,284.6683,283.00845,285.04813,282.71667,284.73096,285.43713,283.834,284.23572,285.4723,281.34586,285.96887,284.3465,284.53506,282.6175,285.01947,283.85312,285.1687,285.24155,285.5041
233,1869-06-16,287.11115,288.45053,287.1334,287.56458,288.34726,287.60486,286.8659,287.12576,288.32025,287.73877,288.3795,287.17612,286.56543,287.79163,285.89023,288.21405,288.6716,285.91675,287.38144,286.3861,287.72116,287.64557,288.14105,287.4264,287.2321,287.23038,286.65518,288.23285,287.91055,287.6313
234,1869-07-16,288.05322,289.00394,289.04376,290.39398,288.31165,289.60666,289.3615,287.43387,289.38998,288.09775,289.95276,288.69827,287.58292,289.01868,289.3057,288.6231,288.1116,288.94077,289.00604,289.56705,288.4677,289.55527,288.40225,287.84003,287.4911,288.2064,287.29297,287.96313,288.36923,288.6325
235,1869-08-16,288.16824,289.3874,288.83694,288.63312,288.777,286.9289,291.30014,287.8434,291.0676,287.9256,288.5327,288.02618,287.35413,290.25723,289.0181,287.47302,287.7004,290.45166,289.84528,290.486,288.75528,290.09348,288.726,287.45508,287.94974,288.51657,287.71774,288.50598,289.942,288.96756
236,1869-09-16,286.3319,286.82526,287.8399,286.5416,286.93378,286.3431,287.14108,286.22684,285.9824,287.4812,286.6366,286.6077,286.7282,287.78027,287.65875,286.87485,289.0711,288.30664,286.8406,287.78265,287.4696,287.426,286.82578,287.50995,287.89572,285.6708,285.85175,285.99283,288.09988,286.83173
237,1869-10-16,283.92953,284.91208,283.86057,282.72238,285.00763,285.33508,284.86578,285.96753,284.7381,285.43085,283.4352,286.17206,285.0646,285.35104,285.13672,284.78354,285.81735,285.5343,284.10364,283.10934,284.14365,284.33823,283.0118,284.28455,284.6117,284.65866,284.95358,285.34268,285.57385,284.0709
238,1869-11-16,282.6016,283.631,280.15067,280.30493,279.6276,284.04388,283.35712,283.56128,281.3059,281.43942,281.89282,280.69193,281.05515,282.42548,281.24835,281.51437,279.8155,282.9591,281.43192,279.58765,281.0931,282.50385,280.40964,281.8589,283.27017,281.96695,283.17563,280.0018,282.5859,280.81998
239,1869-12-16,279.5962,281.0272,280.3319,278.02585,276.0898,278.45328,279.3818,281.8065,279.42795,279.51077,278.50238,280.8064,279.54272,280.25607,279.71268,277.1754,278.5116,281.4863,280.63974,280.1314,278.61093,279.37,280.88763,280.40295,280.01306,280.12457,278.76562,279.13147,281.711,279.24048
240,1870-01-16,279.3338,277.1499,279.62012,277.6864,276.7923,273.56427,280.50568,281.13568,278.01205,279.1755,279.87756,280.52838,278.33093,277.3649,277.9514,279.30194,274.82632,279.83206,278.84674,279.23447,278.57782,280.58917,278.4493,279.63068,277.1019,277.97278,275.86856,276.18222,276.51944,275.50555
241,1870-02-15,280.02197,273.8363,277.95837,278.91165,277.38617,275.22842,279.824,280.1107,279.60614,279.0265,280.09152,279.9223,280.241,273.08923,279.43274,278.88986,277.5156,278.58896,279.26508,278.20782,275.68155,280.1829,277.55878,279.41354,277.46268,279.37402,280.28098,278.30585,279.16092,278.63647
242,1870-03-16,280.19836,279.7536,278.78854,277.23013,277.59772,278.48178,281.8687,279.5191,278.40262,279.02124,280.37634,278.8395,280.13232,277.94937,279.3836,280.7084,281.1859,279.0659,280.8103,279.9817,277.16226,279.73608,279.53604,280.97714,280.78653,278.80652,280.8692,279.86615,280.06256,277.57602
243,1870-04-16,281.99286,280.77844,282.91553,281.2974,281.7942,279.6996,281.98285,281.18463,281.10422,279.08954,280.1156,282.4407,281.21625,282.03546,281.08276,281.0679,282.28055,282.1217,281.6935,280.6701,280.17786,280.998,280.6444,282.27145,281.97238,281.69635,281.43533,282.8061,281.91483,280.34766
244,1870-05-16,282.5826,285.0493,284.77087,286.1284,283.67227,281.96478,285.1145,282.92776,283.61505,283.50482,283.71805,284.09106,283.0998,283.72812,285.40115,282.9345,284.43152,284.95624,283.7692,284.63055,282.12067,283.03378,283.41068,285.01193,283.15866,284.82794,284.2626,285.36804,284.39417,283.619
245,1870-06-16,287.4075,285.20444,286.63242,287.58328,289.9024,286.46988,288.77283,286.71832,286.77148,285.9987,286.51385,287.69614,289.15656,286.7916,287.65594,286.25165,288.884,288.55994,288.3586,285.0567,286.3891,286.08542,286.49072,287.74774,287.95724,286.99493,289.10883,288.09125,286.3558,286.7048
246,1870-07-16,287.74292,288.27902,288.97226,288.48288,288.54984,288.2861,289.87936,287.9723,289.3939,286.9814,289.19138,288.8325,287.20786,288.42764,287.8356,287.62885,288.2587,290.12247,290.1503,286.65442,286.8122,287.74622,289.5049,288.31204,289.36792,288.7575,288.19995,290.7685,289.84146,287.29205
247,1870-08-16,288.10233,289.40366,287.4912,287.90344,290.3151,289.47852,288.8055,287.56183,291.36127,288.6031,288.53912,291.09647,288.38593,289.34598,286.6512,288.04416,289.61572,289.07037,289.3419,288.7499,288.34283,288.89835,288.6023,290.02353,288.7915,288.35486,289.17624,289.47876,289.93445,289.81964
248,1870-09-16,288.29608,287.80972,285.5361,287.67868,286.7118,286.94354,288.18842,288.29922,289.26465,286.45206,287.6542,287.84857,288.44153,286.88528,286.41678,287.22772,286.46887,287.41635,286.73837,286.8975,285.41357,289.21136,288.1775,285.5848,286.46655,287.89078,288.5353,287.49332,288.46368,287.76627
249,1870-10-16,285.05975,284.42032,282.17554,283.74506,285.3211,283.9296,285.09326,285.23782,285.1704,283.23602,283.4958,285.09937,284.6523,284.53656,285.7406,284.12454,283.65622,285.23508,283.97955,285.1646,284.49722,286.02866,283.3072,283.42188,284.95966,283.28073,284.7145,283.62994,284.04422,284.08856
250,1870-11-16,281.59772,280.67303,280.99893,281.73993,281.33453,281.5823,280.5112,283.21323,280.99417,280.2978,279.96207,279.7512,282.48254,280.3969,283.24704,281.9349,282.77856,281.316,282.8579,281.40366,279.94724,282.23798,279.36893,281.75418,281.77805,280.1847,282.07755,282.25845,282.79565,278.62155
251,1870-12-16,280.80762,280.3657,278.60223,278.10718,280.68835,278.6499,277.74274,281.6202,280.04086,279.68195,279.2758,280.11954,278.52728,279.9682,280.25946,279.89966,280.04443,280.26556,278.8702,277.59796,278.09702,279.21353,280.74597,277.28995,279.85608,281.81235,279.42734,278.87244,279.87692,278.09274
252,1871-01-16,280.1399,280.18533,277.73465,277.65945,279.14023,279.85632,280.3904,279.01392,278.61453,276.49924,276.59354,280.7888,279.609,281.45737,279.34033,278.477,276.50137,280.05484,279.8267,279.1987,273.04007,279.93738,277.56226,278.31128,280.22104,278.92407,279.7866,279.665,279.23743,275.5074
253,1871-02-15,280.72824,280.59595,277.50748,279.23828,280.8587,277.6701,278.17444,279.33365,280.31192,279.08646,275.56192,282.128,278.4773,278.75958,278.68506,277.75006,277.49768,280.21072,278.42276,280.70886,277.92227,279.28006,279.10168,278.79102,278.26044,276.64233,279.52448,278.98502,279.97318,279.52997
254,1871-03-16,281.3221,279.5021,276.15134,279.51273,280.28833,278.96954,280.36703,280.85965,280.88773,281.33606,279.1389,281.6672,280.45407,277.1826,279.41833,280.139,276.47327,280.08652,280.09445,281.80096,280.1923,280.06412,279.03238,279.09335,281.43835,279.12457,279.72314,280.44516,279.633,278.66577
255,1871-04-16,282.49484,281.18124,278.9985,281.55658,281.86493,281.62753,282.06183,283.71384,280.98505,280.5081,281.64697,281.71872,280.3561,280.29523,281.12756,282.18372,279.80713,280.5479,284.18164,281.28995,280.9735,282.28516,281.86322,280.68024,279.16843,282.00452,282.4469,281.2119,282.56714,281.09485
256,1871-05-16,285.65692,284.80176,283.90314,284.39584,283.13312,284.29245,284.41196,284.6577,284.84467,285.18216,283.0218,285.38803,282.54074,283.34006,283.82367,284.98892,284.0361,284.58014,284.98993,285.29727,284.31598,283.8711,285.8547,281.85715,284.19684,284.8952,284.25552,286.50638,284.76224,283.09033
257,1871-06-16,287.46475,286.50845,289.1139,285.4866,286.09616,287.4751,288.72653,287.4007,287.4746,288.4682,286.57535,287.55777,288.10788,288.2833,286.34174,286.7933,286.46213,285.4597,287.294,288.38937,288.20206,286.87848,287.77,286.27954,287.1958,286.52457,289.43158,287.4227,287.43808,287.23145
258,1871-07-16,287.83145,288.15372,290.40005,289.36743,288.67218,288.52582,287.21716,289.901,288.73193,288.61487,288.0792,288.3377,290.22693,288.92368,287.63147,287.88086,290.7131,288.6239,289.6207,289.49246,289.86517,287.08414,289.30133,288.23285,287.2892,289.22757,289.6507,289.28726,288.12408,290.41052
259,1871-08-16,288.3866,288.52832,289.1052,289.84592,288.60623,289.7574,288.1006,288.69827,290.451,288.8531,288.65286,289.7445,290.63092,288.65356,288.5039,289.4583,288.61728,287.98685,290.004,288.85092,289.25485,289.1561,288.37186,289.10883,288.8764,287.6011,289.10785,288.97473,290.25876,290.8658
260,1871-09-16,287.53278,288.22968,286.9744,288.7098,287.54617,288.53674,285.9684,287.31647,287.04926,288.2029,287.7559,287.59198,289.51224,286.21054,286.82416,286.31674,289.0925,286.62613,287.71115,286.43015,286.74164,288.00455,287.60123,287.84543,285.3022,287.7879,287.2474,287.7237,287.72824,288.10715
261,1871-10-16,285.0017,286.29892,284.30963,283.674,284.077,284.25488,283.2174,282.99173,283.58618,284.33218,286.13412,284.7565,283.78415,283.9059,284.69424,284.50638,285.46786,285.46936,284.27988,284.9546,284.23904,284.97928,284.0176,284.93118,283.98074,284.51093,284.74222,284.96817,284.53345,284.56628
262,1871-11-16,281.3877,281.9343,281.45465,281.15082,280.7402,281.50577,282.46692,281.59998,280.94778,281.9961,283.83258,281.06717,281.36966,279.4772,280.91696,282.06625,282.61194,282.61295,282.4932,281.55173,281.6504,281.54178,282.9271,281.87964,282.21136,282.07416,283.27246,280.98605,283.71765,282.32507
263,1871-12-16,279.2454,280.35446,280.91248,279.21628,279.89697,280.53162,280.1591,281.1845,280.5603,278.84766,280.58893,278.16574,280.5634,278.5929,278.19522,279.86722,280.45294,280.50082,279.56982,280.1932,279.61288,281.19144,280.70752,279.99768,280.3581,280.26306,278.96365,279.03937,281.07153,279.76157
264,1872-01-16,278.7677,278.78815,279.46918,279.8757,280.72217,280.94632,279.45316,280.5149,280.6471,279.1642,277.1882,280.80615,279.52158,279.9829,279.75168,278.32037,279.85504,279.4906,276.4752,278.18475,277.9122,279.65033,274.8249,278.59436,276.65222,277.65637,279.41656,280.724,280.70267,280.4468
265,1872-02-15,279.53995,275.55844,278.16776,279.97983,280.82715,281.05402,278.88657,279.85248,279.80417,278.82858,279.0031,280.66095,280.41052,276.7734,277.95425,278.56226,279.26364,280.96152,277.87497,277.84924,279.12137,280.28094,277.07724,280.49985,272.21173,279.14923,277.87225,281.37283,280.87546,279.59573
266,1872-03-16,281.60895,277.6119,279.0139,280.3737,281.34296,277.91537,279.4123,281.62424,280.23907,280.11426,280.71448,279.12747,280.8355,279.81796,280.2727,278.82373,281.66296,279.38757,280.41412,279.08392,280.26367,280.4528,280.86313,279.2561,277.56885,280.18045,280.95712,281.85785,280.8339,282.0248
267,1872-04-16,281.10648,281.67407,280.27386,283.2918,283.06915,279.9453,281.5698,283.3496,283.1368,281.71185,281.9165,279.64978,282.91043,281.35086,281.23633,281.9128,283.03915,283.49734,280.7346,281.0335,282.97018,283.26007,283.04364,280.9531,281.48642,282.2338,280.21317,281.19748,282.2231,281.81827
268,1872-05-16,284.5399,284.00323,282.8346,284.4817,283.68878,284.3388,284.28406,284.88037,283.99545,282.66708,281.86697,283.52887,283.7664,282.6249,285.2754,283.39594,284.63528,283.44183,284.68658,282.91455,283.7203,285.55466,284.6831,285.1575,284.0188,284.12125,284.4726,283.43814,283.44232,284.76828
269,1872-06-16,287.522,287.57333,284.99808,288.50244,289.0648,285.646,287.9354,287.06894,286.47815,286.90637,287.4575,286.08975,288.85794,287.7442,287.09167,285.67953,287.04526,285.65952,287.51053,286.91403,288.22906,289.61642,288.96118,285.41946,288.31436,286.90027,287.45416,288.81494,287.79437,287.9715
270,1872-07-16,289.15408,288.96735,287.6178,291.85287,291.16388,288.16428,289.78134,287.9965,288.39285,288.07,289.80295,287.44104,290.49194,288.53842,289.8158,287.31705,288.54254,287.52844,290.5829,288.58554,287.8512,289.33536,289.46826,287.23557,289.22748,289.15878,289.59552,288.90262,287.33243,287.4036
271,1872-08-16,287.9617,289.8935,288.84418,291.9099,288.99496,289.61838,288.82816,287.8285,288.63074,289.23453,287.75888,288.62646,289.30798,288.6655,290.17792,288.99075,288.64218,288.37924,288.56897,287.87488,290.39105,290.41833,289.52444,286.91666,289.29465,289.97952,290.51428,288.86023,288.9788,288.19934
272,1872-09-16,287.29987,287.4532,287.8626,288.7491,286.92905,287.98703,287.6975,285.62228,287.77115,287.1635,286.36288,287.806,287.19208,286.3418,288.42886,288.1143,286.21255,287.28833,286.26797,287.21396,287.69574,286.96045,286.6746,287.57175,288.41687,287.56372,288.00897,287.8703,287.32663,287.41855
273,1872-10-16,284.2206,284.76773,283.69754,285.20697,283.43573,285.51904,283.34946,283.64304,284.65396,284.68658,283.7408,286.76346,284.9134,285.7249,284.2384,285.19244,284.42578,284.19614,286.01038,283.46375,286.2301,284.3962,285.188,285.2859,284.09787,283.6027,282.39142,283.58148,285.07968,285.56757
274,1872-11-16,281.52768,282.58804,279.56787,280.79874,280.58347,282.91736,281.69604,282.47806,281.73312,281.41318,280.45706,282.53433,279.4823,280.33942,280.9156,281.86597,281.0595,282.9648,282.72507,279.3111,282.5097,281.9633,284.33905,280.52896,282.31345,281.00732,282.09525,279.2529,281.5818,279.52808
275,1872-12-16,277.72083,278.81052,280.33594,281.94308,281.5412,281.5854,279.57205,277.43362,279.26663,280.34796,279.3615,280.76453,279.38705,278.59717,280.21204,280.55252,280.8068,280.82333,279.78232,280.854,280.3868,277.5682,282.27463,279.2725,278.782,279.34055,278.80582,277.99002,279.66464,281.12894
276,1873-01-16,276.1442,277.3916,278.9073,280.78842,280.76663,278.93097,279.29678,277.7421,277.04733,279.7406,276.45453,278.29657,280.5121,277.3469,280.52847,278.03574,278.18842,278.62018,278.24033,280.37552,278.0456,277.0843,278.2223,281.6606,278.68494,276.28436,279.56384,280.07132,279.90576,276.9285
277,1873-02-15,279.7961,279.88882,274.6796,281.38754,279.75128,279.03806,279.09784,278.0993,277.84464,278.49896,279.81808,280.03302,278.39713,279.51352,278.12704,279.32892,279.24213,281.0002,277.40015,279.5095,278.08768,276.462,279.15897,279.8714,278.07663,275.2198,279.74542,280.77255,275.02927,279.71948
278,1873-03-16,278.73764,279.86905,279.0702,279.17078,279.98306,279.46243,278.96393,278.93048,278.23462,280.3853,280.23666,279.94034,281.5815,280.6094,279.84576,280.65488,280.02786,280.3724,281.08328,278.90903,279.2164,280.0278,280.2534,279.35767,280.4629,278.5237,278.1304,279.9523,279.47025,278.58582
279,1873-04-16,281.3865,278.1017,279.97537,284.08856,280.71912,282.10983,282.4147,280.8097,282.33286,282.04532,281.4068,278.34277,282.52075,279.7407,281.86694,282.72287,280.84512,281.89874,281.45157,279.86832,281.997,282.39575,283.31207,282.80148,282.74115,280.26523,282.4747,281.3046,282.6581,279.8143
280,1873-05-16,284.14886,283.60016,282.71292,283.73975,284.7532,284.1302,283.04004,284.21213,285.57678,286.7574,286.66055,282.57635,283.96072,283.23682,283.00443,285.68173,284.07852,283.88263,284.5409,284.0244,286.0296,284.25027,283.12125,284.86444,285.0187,281.8687,283.96426,284.97046,285.4107,282.99365
281,1873-06-16,287.7126,286.7007,287.7602,288.30453,286.94266,285.62894,287.56375,286.88885,287.4931,288.09097,287.8986,290.44098,289.84985,287.52664,287.98898,287.95486,286.77408,286.86566,289.40067,286.63803,286.32242,287.51318,288.289,288.0932,287.65698,286.70523,289.28806,285.78488,286.45486,286.99277
282,1873-07-16,289.75604,285.53772,287.5818,289.33456,288.80136,288.9315,291.44937,286.88638,287.94446,289.3395,288.30823,290.9921,289.7333,288.6388,288.92435,289.04114,288.72452,286.98117,288.73618,289.1486,288.99738,288.56088,289.96774,287.69516,288.45364,288.57297,286.1964,290.1912,287.60468,286.80145
283,1873-08-16,290.3996,287.59427,288.49203,289.2544,289.76096,289.26526,288.9441,288.17804,288.13065,289.12753,289.07092,289.60916,290.23547,289.47488,288.46298,289.81506,288.7672,288.61224,287.7757,288.55322,290.2199,287.14056,288.92886,288.376,289.5313,287.9018,287.75778,289.9764,287.91663,288.9949
284,1873-09-16,288.33304,286.17404,287.22375,287.03036,288.68744,289.07797,286.86746,288.30258,288.1219,288.44836,287.9849,286.56805,287.2597,287.01187,287.27444,286.16718,288.41446,288.05524,287.0842,287.9078,287.05884,287.51654,286.89554,287.85287,286.9996,286.00406,287.04462,286.4159,287.1627,288.164
285,1873-10-16,284.72003,283.70145,283.18817,285.6435,284.73816,285.54346,285.35507,283.7167,284.66367,285.79242,283.64197,286.27377,283.4549,284.40054,283.54846,285.54932,284.9551,285.66708,282.95795,285.23056,284.6146,285.1405,284.48032,283.7147,284.9952,282.82733,284.882,284.6213,283.0725,285.3126
286,1873-11-16,280.05606,281.98334,280.88116,281.9673,281.4629,283.99323,282.19644,281.24103,283.64035,282.7518,282.1161,283.58453,281.26395,282.1655,281.37662,280.2765,282.16113,284.11407,280.82388,283.72937,280.4367,282.3142,281.89407,282.7266,282.83884,283.08002,282.71283,282.4299,282.96558,283.86105
287,1873-12-16,281.429,278.75217,281.14514,278.29233,279.43634,281.44067,277.3431,279.50922,281.33606,280.48523,282.21402,280.23993,280.05267,278.96686,281.57077,278.29453,280.38727,280.95474,276.97064,281.68896,279.63617,279.31323,280.0048,279.96484,281.38187,281.04947,282.4492,279.8915,280.7043,279.23447
288,1874-01-16,278.83984,277.12567,279.28415,272.05353,277.6629,277.77216,276.84607,280.37967,278.42798,279.88467,279.0298,279.43454,278.4586,277.5864,279.25092,279.4522,279.16434,278.88492,278.98993,279.31784,280.28912,280.2226,278.42865,278.14343,279.17722,281.5403,279.8398,278.18228,276.5658,278.94922
289,1874-02-15,277.82324,278.87958,277.19363,277.37775,278.14236,278.7352,277.58127,278.12946,279.6059,279.87073,279.9197,281.96088,278.9113,279.59204,280.22467,278.47803,279.36227,277.4303,280.70444,281.13354,279.2802,278.8189,278.6076,276.46323,276.81064,279.51074,279.9669,278.66235,273.82547,277.1064
290,1874-03-16,279.97464,281.2697,279.34155,279.17645,277.8342,279.45987,278.61676,281.10068,280.5065,280.87112,280.09634,282.23575,277.91467,280.88513,279.8728,279.98746,280.08038,278.95248,281.18594,281.343,279.32535,279.30307,278.18567,279.08752,279.61398,280.48383,281.60776,280.92252,276.61166,279.94443
291,1874-04-16,281.3778,280.14688,282.40057,281.2872,279.2405,282.4289,281.96738,282.45596,282.40665,281.589,281.19708,283.0756,281.28372,281.03702,282.21167,281.779,281.41138,282.39856,281.76865,281.16873,280.30637,281.44025,282.49182,283.90857,281.69562,281.03635,280.71863,281.02454,280.40195,279.9837
292,1874-05-16,284.46512,283.901,284.19528,284.4928,283.50616,283.39783,287.8787,285.43127,283.969,285.5838,282.7078,284.40427,283.64255,283.94708,285.68643,285.67087,284.4396,283.10303,284.02914,284.00418,284.28522,283.60416,285.22452,285.73685,282.97653,285.00485,283.81354,283.7329,282.74463,284.78
293,1874-06-16,292.0125,287.8298,286.90546,288.3929,287.98193,286.8227,291.19147,288.85306,287.55103,286.51007,286.99908,288.45923,288.7072,288.8491,288.45782,286.16006,287.67194,286.3578,289.16248,287.84772,285.60733,286.79358,285.84,288.35342,286.8415,287.95667,286.01578,287.16815,286.66147,289.57193
294,1874-07-16,290.35373,289.14783,287.1243,289.5747,287.0787,289.51105,289.2215,287.52197,288.78857,287.28543,289.4108,287.29382,288.2016,289.6589,289.4108,288.78723,289.69684,289.47937,290.1577,288.47778,288.40588,287.82275,288.10956,287.867,288.1307,289.64923,287.38275,287.4132,288.78494,288.60892
295,1874-08-16,289.0459,288.74246,288.2737,288.6506,288.36615,289.62756,288.88052,288.22433,289.5968,287.84753,289.087,288.46265,288.80768,289.39453,288.97504,288.66525,289.84445,289.4107,289.0055,288.6999,288.64005,288.58282,288.9123,289.36276,289.10864,290.71246,287.44308,288.26416,287.81332,287.27173
296,1874-09-16,287.3726,287.55026,286.41687,286.3191,287.8328,286.9859,286.78326,287.687,288.0606,288.1158,288.05,289.26303,287.91232,287.27234,287.14917,288.33658,287.37473,286.51932,288.36142,286.49686,286.72565,287.73032,287.9057,288.2939,288.9574,288.2219,286.74817,287.25854,287.61865,287.24692
297,1874-10-16,284.4731,282.88837,285.18262,285.26263,282.87827,284.77533,285.24686,285.47342,283.7678,284.54785,282.55353,285.20615,285.62967,283.96124,286.3998,284.33398,285.62485,284.13922,285.2127,284.26285,283.17,284.46542,285.32297,284.3298,285.1024,284.5129,283.88116,284.1856,286.32935,284.79172
298,1874-11-16,282.52383,279.89752,282.91312,280.19363,280.8438,282.00397,282.03265,281.23154,282.14185,281.91882,280.8834,282.54468,282.8678,281.52567,283.16953,281.86887,283.69492,281.62842,283.34692,280.5094,282.6119,279.91348,280.68527,281.60077,282.882,281.80463,281.0847,282.61884,283.30038,282.85522
299,1874-12-16,280.09494,276.2566,278.0288,278.97665,278.3942,278.13007,282.02368,280.14688,280.0128,279.21213,279.61996,278.76617,280.69733,277.56577,281.66833,281.10715,281.55063,279.15256,281.9774,280.18567,280.93973,279.15356,279.1729,279.53796,280.85623,281.14557,278.89325,277.59482,278.67175,279.834
300,1875-01-16,280.20746,279.09824,276.4311,278.6244,278.32465,279.71643,280.99597,277.43854,279.4163,277.74356,275.89136,279.65405,278.4354,277.63373,280.35605,277.97595,277.8774,279.5435,279.96332,279.12378,277.96838,277.10455,279.69843,279.21252,277.02625,280.85608,279.93314,278.03488,279.65344,278.68253
301,1875-02-15,279.82352,280.55188,274.97382,276.0756,279.5762,277.5903,279.3429,275.91373,280.56018,280.6739,275.09094,279.90363,277.2097,278.5823,277.92914,277.5278,277.9078,278.88312,276.91626,279.57492,279.3968,278.68234,279.66034,278.61337,278.88882,279.07834,279.4156,279.9514,280.24725,278.50983
302,1875-03-16,280.36847,280.6212,278.9964,278.84503,278.96112,273.64008,281.4138,277.76996,280.51602,280.98914,277.53067,281.59155,275.51642,278.05936,280.6188,281.01367,279.30887,280.73846,279.35928,280.47116,280.09372,279.4387,280.51938,277.72815,282.11398,279.69107,281.05624,279.85168,279.10336,279.94537
303,1875-04-16,280.09933,284.1443,279.823,280.11652,278.6037,281.0317,284.4328,281.41946,280.46555,281.7606,281.2051,282.44873,278.9328,281.62766,282.64377,282.86557,281.88327,282.48044,281.44495,281.15225,280.76648,282.06802,281.3068,279.94525,281.1248,282.9226,281.18393,281.4245,283.04367,281.6632
304,1875-05-16,284.79352,284.99698,283.29196,283.12427,282.87155,283.07266,285.43765,284.3346,286.63916,283.88507,282.8693,286.2514,281.61963,281.90057,285.07416,285.089,283.86636,285.77863,283.8553,283.5862,284.47433,285.51437,286.26736,284.6628,284.11435,285.04202,283.5374,285.31937,284.1689,283.0039
305,1875-06-16,287.8084,287.74393,287.87503,287.10907,286.71423,286.16345,286.81573,288.34085,289.26166,286.37027,286.789,291.26294,286.73734,289.22864,286.7816,287.55646,286.75232,287.95844,288.75827,286.10672,286.9778,289.49832,287.64386,287.2812,289.01602,286.95853,288.16718,290.8694,288.61572,287.41687
306,1875-07-16,289.71118,288.34427,289.11768,289.42242,288.55453,288.2115,289.4762,287.4918,288.1147,289.0269,287.305,292.26385,290.2728,288.31363,287.80856,289.6526,288.90424,289.19897,286.90344,286.44775,287.19974,290.80078,290.01913,288.23123,288.6931,289.06274,290.54742,287.8833,288.22537,289.66864
307,1875-08-16,289.08542,288.4264,288.57355,289.3848,288.1253,288.7144,289.7682,289.85287,288.81305,289.51086,288.4246,290.4783,288.65128,290.18408,288.52576,288.76474,288.56006,289.38647,287.84024,288.1269,288.77872,290.31757,288.82724,290.2815,290.2446,288.8085,289.61087,288.96533,287.74887,289.56155
308,1875-09-16,286.975,288.11865,286.06696,288.2737,287.5277,288.1004,288.8335,288.7034,287.28168,287.74866,287.5688,288.83313,286.50696,287.033,288.0603,288.20312,288.5147,287.3309,288.32288,286.69772,288.2277,287.43054,286.78906,287.78793,288.0039,287.63452,289.65277,287.77393,287.9575,286.87015
309,1875-10-16,284.53366,283.79248,283.5839,286.2764,285.027,284.60196,285.84393,284.7379,286.13892,285.5658,284.29123,283.73022,284.7993,285.52426,286.01306,284.44177,283.7128,284.925,284.52615,284.7522,283.69803,284.33978,283.95102,284.57193,285.26627,282.60956,284.58218,284.17432,285.56976,285.5642
310,1875-11-16,281.66846,280.13657,280.61212,284.39035,281.22906,282.11697,280.85483,281.99255,281.9398,283.8216,280.01083,278.69778,282.87277,282.89047,281.721,282.69855,284.2768,281.17944,280.66125,280.36383,279.88434,280.99704,280.75232,280.5067,280.90277,280.6738,281.13977,282.04263,282.43823,282.1941
311,1875-12-16,277.86646,278.54837,281.43573,279.45264,279.5376,279.6994,278.27835,280.2313,282.14926,277.9701,280.28848,278.10187,279.93253,280.64407,280.17874,280.34805,279.967,281.16638,278.73828,279.06842,280.79117,281.05756,282.18518,279.8628,279.70282,279.79242,278.552,280.47125,278.82288,281.51462
312,1876-01-16,276.91226,278.70834,279.27353,278.92862,279.76794,280.31894,279.34433,279.56647,279.46072,279.54236,278.83496,279.43448,279.45456,279.76935,278.74463,279.76767,280.1557,279.02957,279.1071,279.18997,279.6224,280.09662,278.76324,279.1818,279.8024,279.18527,278.0099,280.28723,279.88727,279.5767
313,1876-02-15,277.61816,279.5209,281.1708,278.84097,279.39233,279.9214,280.11728,279.71536,279.6909,277.2447,280.30377,279.46454,277.34116,274.92267,279.88647,279.29602,277.56436,278.68594,278.73315,277.05096,278.93222,279.1676,278.63046,278.43008,279.97357,279.44174,277.41113,277.70618,278.92892,280.50943
314,1876-03-16,279.9409,281.8551,279.92923,281.0087,278.55527,280.2797,280.34012,280.9833,279.98605,280.23102,281.24118,279.0899,280.69672,278.90176,279.2961,279.61014,278.00314,281.6597,280.81992,279.7413,279.332,279.29803,279.56332,279.55188,280.21268,280.36768,275.89136,279.8842,281.49698,280.28098
315,1876-04-16,280.80078,281.32147,281.71204,281.04825,280.57327,282.24518,281.96298,281.6201,281.6489,281.7127,282.87036,282.23453,281.88693,281.8161,281.39197,281.94846,280.05106,282.65152,281.63715,279.4821,281.0169,282.17776,281.41592,281.58234,282.8545,279.60202,277.43845,280.84528,281.28534,279.15512
316,1876-05-16,284.9024,282.9363,285.009,283.28537,283.36108,284.3126,284.80606,283.78,284.73206,285.0028,283.25778,284.41888,285.89334,282.55228,284.0548,283.99033,284.84106,286.17184,284.57214,285.3745,283.80875,284.73404,284.54324,283.35687,284.7171,282.8411,282.985,284.29233,283.14005,282.2572
317,1876-06-16,287.12408,288.67792,287.50122,286.79715,285.60718,287.98117,287.6884,286.0898,286.91003,286.15845,287.43698,287.1568,287.42065,286.88135,288.24265,285.93988,285.92392,287.87277,286.76303,288.51926,288.3232,288.20926,288.15546,286.3762,287.75528,285.2534,283.2877,288.62494,285.28522,286.18884
318,1876-07-16,289.35992,289.34286,289.10892,288.50522,287.5542,287.22614,287.50247,288.17334,289.54785,289.6698,288.2288,288.68173,287.45993,289.168,289.2525,288.20682,288.2667,288.7934,288.23138,288.81747,288.54108,287.3125,288.31113,288.3022,288.03708,287.6719,287.23672,289.03806,288.1146,286.70627
319,1876-08-16,289.46936,289.2429,288.20178,289.0922,287.11627,288.84488,288.96204,288.48282,288.1431,289.42636,289.63507,288.22977,288.03888,289.40338,289.19995,288.80075,287.7633,289.1636,288.6225,288.4614,290.843,289.07935,289.3325,290.4477,288.79932,288.1279,288.2432,289.80338,287.99277,288.5608
320,1876-09-16,288.2248,287.02124,286.84482,287.80515,286.16696,287.05118,287.80823,285.76437,286.66684,285.7098,287.5598,286.95935,286.3755,286.34833,287.92505,285.79523,286.94318,287.30072,287.74338,288.21423,287.0131,287.6396,288.24124,286.68863,289.1805,286.86005,288.57465,286.39554,286.37363,286.31854
321,1876-10-16,282.99283,283.20908,284.5954,286.49213,283.69553,285.0394,284.25385,285.94553,285.15317,284.7663,285.24792,285.44443,283.78775,284.10223,285.46735,283.82492,282.05307,284.73083,286.10464,284.4988,283.8025,284.59503,285.82852,284.42337,286.2559,282.4575,285.11703,285.33926,285.5578,284.81787
322,1876-11-16,281.6547,282.46973,282.7879,279.6105,279.75095,281.3602,281.5258,281.69522,281.97403,281.84122,279.58246,282.74728,282.26733,281.59824,282.47656,279.97046,281.78836,282.13367,281.7042,281.84528,281.76584,281.9148,280.85873,279.72656,281.01492,280.91815,284.27356,282.9314,284.58408,278.053
323,1876-12-16,278.85925,279.96976,281.6405,278.04178,277.12204,278.90933,279.26727,281.10995,279.8299,281.68152,278.58768,281.70395,281.78568,279.942,279.01056,279.3517,280.5565,280.6387,278.7566,280.46283,279.88065,279.31546,279.82217,278.10977,280.8947,278.96762,280.2397,280.86282,280.82553,276.77695
324,1877-01-16,279.52753,278.29562,278.95224,276.65646,277.76022,279.03558,278.62317,280.62015,277.99713,279.98923,280.8361,279.51578,278.93222,279.56577,277.79266,280.5059,283.0144,279.08423,277.43158,278.826,276.68304,279.8787,280.19333,279.937,278.52036,279.07367,280.00003,278.6532,279.04852,278.6237
325,1877-02-15,280.33636,277.6156,279.12396,275.09018,273.36218,280.36914,279.7181,280.3146,278.50186,279.1171,278.27792,278.38297,277.95535,277.47623,278.9718,280.8623,278.7869,278.58545,281.65155,277.01694,278.45987,280.68964,280.48065,280.48163,280.39496,277.6406,277.3681,279.9076,279.70004,278.24078
326,1877-03-16,280.43085,280.37482,280.72818,280.29407,274.5651,280.19904,277.21585,279.66226,276.8309,279.3003,281.4866,280.52325,279.19617,279.19464,280.9602,279.14444,279.47302,277.98822,281.43622,278.63318,276.96045,281.5896,279.40042,281.2608,280.20685,278.0805,279.9104,280.52695,280.76828,281.00616
327,1877-04-16,280.23746,280.7249,281.11295,280.82883,280.85602,281.9,281.1698,281.5432,281.0212,282.27493,284.9624,281.89145,280.03366,281.19318,281.2556,278.76404,281.39532,280.9271,280.9794,282.3779,279.79257,282.06998,280.4049,282.5823,283.365,279.20267,282.97437,280.93564,281.33658,283.3302
328,1877-05-16,282.5553,281.9237,284.4406,283.2537,283.47842,283.32626,282.87335,282.28705,282.79477,283.90286,284.0969,284.84784,283.34897,284.78137,285.801,282.77393,286.1288,284.21094,286.2471,283.86826,283.63177,283.2397,283.66275,283.95734,284.1438,283.7111,283.6987,286.17508,285.382,285.31467
329,1877-06-16,287.76526,286.81192,287.56378,288.51065,286.52725,287.128,286.13754,287.6497,285.94913,286.62088,287.9545,289.99765,287.58807,288.10828,287.69888,285.19763,286.9846,287.12024,287.68918,289.00214,286.446,285.41766,287.42957,288.84357,288.03088,287.8107,289.04684,288.16965,287.6373,287.24493
330,1877-07-16,288.8425,287.4844,288.06876,288.38223,288.47717,288.3302,287.7907,289.32367,287.85184,290.298,289.82385,289.27274,287.7683,290.3226,288.72388,287.84537,291.20956,288.58798,290.24246,286.3651,287.17807,289.23163,289.6969,289.62717,287.59576,287.6776,290.19797,289.22247,289.07742,289.48175
331,1877-08-16,289.48502,287.31186,288.65543,288.8039,290.18298,287.04825,288.83963,288.3177,288.4115,289.7647,291.5238,289.04874,290.37195,289.3213,290.28528,288.6085,290.7108,289.79364,289.58688,288.1562,287.09485,288.8595,287.98108,289.16843,286.56592,289.88583,288.75497,289.1067,289.04068,289.48624
332,1877-09-16,287.42126,285.59033,286.9575,286.79483,288.33936,287.287,288.2006,287.92978,287.85034,286.91788,287.30038,289.1497,287.27377,288.00064,288.9463,286.54596,288.50195,288.12656,286.83652,286.85696,288.49335,286.86234,286.60495,287.29092,287.99588,287.5834,285.69498,288.57016,286.7405,286.9334
333,1877-10-16,284.71756,282.9674,284.641,284.58414,283.5827,285.38397,285.18503,284.59412,285.3216,282.472,284.7928,286.2445,283.0094,283.98608,286.23642,284.27133,285.0128,285.00082,285.89575,283.2977,285.3344,285.4813,282.10275,284.88382,286.01413,282.61362,283.13974,287.3346,284.7556,284.1384
334,1877-11-16,282.47418,280.47052,279.85126,281.24753,279.25336,281.6027,282.6296,282.32733,281.93073,282.9112,281.1917,282.9966,281.8038,282.7194,282.79727,281.31918,282.39813,282.21634,282.23645,283.03516,281.4401,283.6024,281.50327,281.83725,281.4255,279.40366,281.37073,281.77356,282.56213,281.86172
335,1877-12-16,280.15338,280.9883,279.0361,280.8739,278.08887,279.20758,280.40027,278.98257,278.94086,279.91766,277.82974,280.42316,280.38086,279.9773,282.14734,278.7095,279.40134,281.67172,280.3256,280.65347,279.92654,280.17645,280.9214,279.83618,279.8103,276.28314,280.54813,279.28058,280.33902,281.72272
336,1878-01-16,279.14154,280.49826,276.09268,280.18335,278.20856,277.93906,276.1949,278.34317,277.00272,277.85,280.65884,278.24887,278.62848,278.60583,280.81186,278.08914,279.53156,280.49677,278.81934,280.08945,280.1356,277.70746,278.44537,278.54547,278.8798,275.00836,278.9943,277.09253,279.71274,281.12103
337,1878-02-15,279.33838,280.9056,278.91165,279.19012,279.80417,277.53992,279.63525,279.4464,277.67276,280.5003,277.6305,280.81918,279.82086,274.55933,278.72095,275.35345,278.81808,280.0087,277.7094,278.4427,277.273,280.37518,279.906,277.43744,280.3854,280.20016,278.23483,274.71527,279.95715,280.52722
338,1878-03-16,282.06415,281.7904,277.54263,280.49078,278.35007,279.9131,280.18594,279.99683,279.86447,280.96582,280.86783,282.36404,278.78912,279.3184,278.63913,279.24564,279.83008,278.20593,278.7932,279.77237,280.11478,280.18323,280.89014,278.75427,278.54327,279.0527,279.76636,277.89218,280.9822,280.57834
339,1878-04-16,283.3343,282.38147,280.7598,282.36185,280.08798,282.58704,282.69217,281.549,281.05478,282.44235,282.00894,282.12244,281.23788,281.91507,282.07242,282.1111,281.63565,280.47162,280.88812,282.17645,281.19824,282.58594,281.0636,282.31522,281.85815,279.89603,280.96725,283.17828,281.70358,282.28552
340,1878-05-16,283.79,284.307,284.7044,285.19217,284.26334,283.9247,285.48495,282.93555,283.41702,286.0548,283.6137,283.5695,282.53113,283.90714,284.00253,283.47455,285.3615,284.15372,284.13824,283.6321,283.7339,285.4712,284.2822,283.3237,284.49835,283.76666,284.75696,284.5736,282.96475,283.75098
341,1878-06-16,284.77832,289.627,289.66467,286.88913,287.19394,286.78256,288.75244,285.41772,288.92694,287.2816,287.5862,286.85687,287.79828,287.30072,286.97064,288.13623,285.67706,285.94122,285.99258,288.4689,287.32684,288.78555,287.13992,289.49222,288.8733,284.94125,285.50275,286.9072,288.4575,286.6489
342,1878-07-16,288.2548,288.92535,289.9539,287.35385,288.00586,290.2389,290.3359,289.0658,289.08484,288.72028,288.46692,287.76697,289.13443,289.52194,287.78198,289.71466,287.40793,288.4095,287.878,290.03952,288.24258,289.62756,288.5271,291.0139,288.93478,286.21118,287.07202,289.7825,288.59225,286.52875
343,1878-08-16,288.8585,289.44324,288.818,289.81934,290.0955,289.33484,292.64243,289.55444,288.9906,289.54138,287.70847,287.04248,288.95514,289.37994,288.5561,289.75714,288.6976,290.03906,289.14432,289.49448,288.25208,287.79608,289.62097,290.34238,290.0849,286.9089,288.08026,290.57016,287.85468,287.4904
344,1878-09-16,287.7419,285.5082,287.7064,287.66623,287.57336,286.5096,288.6267,287.34506,287.0649,285.667,287.75906,286.80173,288.51324,287.38736,286.5768,288.0205,285.64282,288.44434,286.60504,287.5899,286.79712,286.99725,288.00037,287.28012,289.2712,287.07947,287.46893,288.0605,288.43494,287.4178
345,1878-10-16,283.604,284.88284,284.90622,284.50357,284.0874,283.9136,285.78928,286.15164,283.71906,285.50635,285.34564,285.024,285.88443,284.68478,285.09567,284.61316,283.51202,286.56757,282.9895,282.39175,285.27005,285.02438,284.48755,283.67535,285.6321,284.0556,285.84848,284.4865,284.47534,284.2371
346,1878-11-16,282.84012,281.37155,281.04608,283.08508,281.602,282.61584,280.91074,282.73215,280.06033,281.87204,282.81357,281.57886,282.15567,281.16666,281.18875,283.1576,283.20764,282.5416,280.0717,280.9398,280.39987,282.3513,281.8221,282.8991,279.76675,284.2069,283.19565,281.49234,281.7361,282.1545
347,1878-12-16,278.26297,280.77737,278.71564,280.04248,279.99652,281.04562,278.63174,281.3783,280.10056,279.9482,280.99173,278.23264,278.678,275.40857,280.6242,280.85962,279.5005,280.4053,279.49728,280.0352,280.14752,281.3675,280.02438,280.2506,278.7068,280.88016,280.67084,277.08087,280.0119,279.8153
348,1879-01-16,278.567,278.12552,277.18707,280.41495,278.35474,279.97568,277.2669,280.24734,280.3091,278.6322,278.9666,278.06705,279.32318,275.75412,278.44394,275.6093,278.5446,276.52597,279.3863,279.85794,278.75522,277.28915,278.473,277.04407,276.83942,280.0444,276.34448,278.84094,280.22702,278.6892
349,1879-02-15,280.6526,278.2063,278.1822,281.03043,280.76126,279.26416,278.37534,279.31024,280.60968,279.45312,280.48657,278.49323,278.55008,275.3448,277.7436,275.67413,277.1616,278.4956,277.74103,279.6069,278.00674,278.2966,280.4621,279.91824,278.72534,280.87512,280.67526,278.45306,278.80148,279.3174
350,1879-03-16,281.65622,280.82162,277.83807,281.0358,279.17868,279.2857,277.6034,279.35657,278.75388,280.48334,278.51675,276.89755,278.60974,279.2586,280.54874,276.9172,278.34763,274.97995,278.57037,278.68945,279.19016,279.78342,279.45496,279.79684,278.76828,279.65988,281.9208,280.41913,279.63187,278.50397
351,1879-04-16,282.30493,282.13992,282.03052,283.12112,280.59933,282.1521,280.38098,281.11566,282.61426,280.64752,281.6703,282.4773,282.10617,281.42404,282.3483,279.788,282.41318,280.89166,282.12396,280.958,282.69507,281.87445,282.17148,281.9262,281.0124,281.57086,281.4302,282.1451,281.9246,281.47168
352,1879-05-16,284.05408,283.66357,286.03836,284.70383,283.56436,283.93814,282.8099,284.1851,285.11353,284.38553,282.8468,287.61325,283.75995,283.9943,284.98306,282.43903,284.76373,283.1692,282.21603,284.96606,284.10815,284.3328,283.35254,283.18976,283.0073,283.94974,283.39536,284.9274,284.2486,283.2914
353,1879-06-16,286.66217,286.2696,287.91504,287.4823,286.01346,289.38803,286.84265,286.17606,287.06564,288.33444,287.31512,287.85117,286.8056,286.10947,288.2692,288.59506,288.0455,286.53442,286.64304,288.14246,286.79022,288.3687,284.6942,286.76288,285.55038,286.21014,286.33557,288.98083,289.00806,287.86636
354,1879-07-16,287.20428,288.80093,288.46756,288.2953,289.18048,288.49518,288.47675,290.43304,289.4391,289.7626,288.2574,289.53668,288.37833,289.16473,289.41727,288.64667,288.65518,287.8949,288.84515,290.30594,288.35675,288.55853,286.95187,288.39374,289.36847,287.35233,290.1783,288.712,289.2541,287.6865
355,1879-08-16,288.468,290.08337,288.27396,289.9615,287.78372,288.80795,287.88025,290.2318,289.77307,290.0683,288.39923,289.24402,288.43933,288.37024,288.478,287.79126,288.97153,287.48453,290.6874,290.31192,288.59055,289.5518,287.29776,288.30408,289.06784,287.97064,288.00183,289.5846,289.23508,287.2375
356,1879-09-16,287.82242,289.82025,287.50528,288.24158,286.55008,285.57172,287.97534,288.6816,286.5682,287.65454,286.9299,286.578,288.03708,286.2961,287.09296,287.59177,288.1791,287.07748,285.85452,287.89853,288.0071,286.3518,287.60104,287.28427,287.56747,287.73108,286.79684,288.42627,288.45676,286.76968
357,1879-10-16,283.34927,286.95712,284.74695,285.84106,284.48602,283.82706,284.40506,285.28723,284.65396,285.212,285.21832,285.08405,284.4681,284.3639,284.6003,285.57773,285.6261,284.40887,284.7184,285.17996,284.44107,284.82864,282.83917,283.7554,283.94708,285.16272,282.79285,285.98267,286.89236,284.0595
358,1879-11-16,281.4514,283.63483,283.0055,282.3621,280.79886,282.6688,279.96283,282.59915,280.69608,282.07544,281.1933,281.40558,281.49786,283.06354,280.96313,280.12244,283.31772,281.69522,283.0121,282.61386,282.33002,282.48566,279.74176,282.46484,281.97565,281.30902,279.9515,280.7612,282.9941,282.33524
359,1879-12-16,278.68427,281.65115,280.848,282.99063,282.3196,280.67926,280.22647,279.5104,277.59,279.71143,279.44565,276.9577,280.06714,276.42545,278.65866,280.32028,280.83887,281.28348,281.56964,279.43475,281.72482,278.8316,277.9504,277.14587,282.56027,279.72958,281.3035,280.3699,280.5372,280.38162
360,1880-01-16,279.1405,277.09943,278.58923,277.95596,278.6841,277.5233,279.43744,277.74402,281.03873,277.75192,279.39316,278.4045,277.28192,275.80634,278.6603,279.84415,279.97903,279.07883,278.53848,278.53333,280.14896,278.79474,277.7094,279.20383,278.96445,276.93182,278.94254,279.6142,280.6443,281.1828
361,1880-02-15,276.7586,280.16138,278.73322,279.9566,279.88763,274.02246,277.71445,278.42136,280.10574,275.87927,280.86652,277.20804,278.09113,277.8389,277.5603,278.42715,279.46625,272.779,280.3452,279.55597,279.63336,278.53494,277.42957,278.90366,278.15985,278.7899,278.97623,279.5046,279.08444,279.07788
362,1880-03-16,279.16104,281.0509,277.05267,279.8657,277.51773,278.42294,279.4741,279.7398,281.05612,278.72876,281.3624,280.68118,278.88443,277.77954,280.39667,279.1186,281.04706,279.92807,278.3022,279.51102,281.34158,279.19067,278.41055,279.33218,279.672,277.5729,281.545,278.42627,280.08978,279.82083
363,1880-04-16,282.61514,282.95078,280.79712,282.69043,282.13107,282.0578,281.74075,283.3278,282.61465,280.9063,281.95258,281.66458,280.60474,280.7131,281.5651,282.2048,281.3208,279.2888,279.95535,282.72778,280.33533,281.78516,280.33798,281.6565,280.1804,282.1821,282.85104,283.51816,283.01797,282.1843
364,1880-05-16,284.38843,286.21088,283.69128,286.2496,284.3993,284.30115,286.62125,285.25513,283.69522,283.2179,284.36044,286.7742,283.70425,285.61505,283.00632,285.06033,284.04404,283.97986,282.98627,284.35577,284.6718,284.53586,283.37274,284.515,286.35608,284.91672,284.45294,283.37424,284.07278,284.17267
365,1880-06-16,286.2579,286.97018,289.10406,287.39825,287.49292,286.184,288.42227,287.20212,286.64505,285.99115,285.914,288.38092,287.86023,288.37335,287.0875,287.41498,286.5732,287.3903,287.54617,289.42114,287.6949,287.2126,288.23987,287.675,288.50543,286.2243,286.92374,286.70862,288.47562,287.17783
366,1880-07-16,289.71643,287.71213,289.61472,288.8946,287.76093,288.30038,291.80746,287.92072,288.0929,288.67313,288.32492,289.2471,289.69403,288.76324,287.1109,288.1459,289.05566,288.72464,287.80072,289.56937,290.32477,287.58096,289.7963,288.0966,290.77072,291.31445,289.75955,288.8164,287.60764,287.23892
367,1880-08-16,289.37772,287.35233,287.78387,289.39838,287.71173,288.2033,289.80212,288.47577,288.1536,290.53464,288.94366,290.69244,289.63925,289.69525,288.22678,290.32904,289.59604,288.88596,286.99207,290.26642,288.9995,289.0892,291.4176,287.31754,291.78403,289.3103,290.52634,288.59305,288.06268,288.81415
368,1880-09-16,287.66415,286.65762,287.50775,286.77286,287.9696,288.3935,288.56888,289.79254,285.74936,287.6979,286.89282,288.65222,286.67355,287.81082,287.74942,287.21036,288.20804,288.50897,287.71567,288.13358,287.00723,287.35095,288.3091,287.4976,288.77643,289.091,287.06256,288.6408,288.31882,286.63058
369,1880-10-16,285.89725,285.48212,284.11935,281.91666,284.47656,284.8361,285.9418,285.2801,284.33676,284.7071,282.5223,285.2573,285.40613,285.19095,284.73187,285.83844,285.65778,284.6091,285.11996,285.596,285.11188,284.93756,283.49286,282.82123,285.0862,284.932,286.51816,284.78534,286.2501,282.2287
370,1880-11-16,282.42413,279.78946,282.2703,281.8013,282.9461,282.07346,282.00012,279.64966,279.66675,282.60782,281.57443,282.08395,282.84412,281.7609,281.70624,282.50327,282.51828,283.65314,281.8716,283.2076,280.80563,282.34232,282.49646,280.97867,281.1707,281.70557,283.05234,280.92734,282.72375,282.92603
371,1880-12-16,281.07117,278.22025,279.51358,277.74658,281.52353,279.7807,281.09494,280.9811,281.1287,279.32706,278.58405,279.88953,277.0821,281.4167,280.10715,280.2613,280.90622,281.3215,280.02777,277.72522,280.24878,280.67624,280.89548,279.27844,278.9605,278.0119,281.11438,277.42316,279.76334,279.6546
372,1881-01-16,279.95618,278.95694,278.40814,277.8509,281.21265,281.58795,278.5012,277.19943,278.58023,279.22034,280.20184,280.26053,277.89624,281.96622,279.12534,280.4225,278.01706,279.09564,279.69736,280.33997,279.2301,276.68265,279.16577,277.64862,279.85394,275.79178,279.16406,278.75934,278.55658,279.73828
373,1881-02-15,280.4639,278.29752,279.06293,279.46713,279.3794,281.04645,276.5968,277.9009,278.8391,278.15387,278.14453,281.3388,278.96,281.73233,279.94974,279.2253,276.95502,279.87302,277.4868,277.9767,280.6374,277.28406,277.78485,276.5669,277.67978,278.57425,281.1646,277.86615,279.89642,276.68442
374,1881-03-16,281.17712,278.81134,278.8936,280.2926,279.1283,282.50348,276.04807,278.93628,280.11563,280.31967,278.23508,280.948,280.33932,280.9407,281.9212,279.58978,279.11212,279.75436,280.09335,280.32883,280.71695,278.27792,278.3164,278.86154,279.41882,279.16516,281.1807,280.90363,281.0827,279.53137
375,1881-04-16,282.38324,279.0342,280.80963,282.6415,282.0316,282.62918,279.18808,281.25848,281.5774,282.8448,281.04443,281.70865,282.0953,281.5197,282.8749,281.449,281.70993,282.91537,281.80356,282.01166,280.42947,282.3926,282.7164,281.20297,280.5792,281.52,281.7986,283.26117,282.6778,282.00995
376,1881-05-16,284.69492,281.99573,283.97235,284.40167,283.9818,283.83057,283.1464,285.0745,283.58017,284.03885,283.26733,284.62808,284.9791,284.3496,284.42117,283.6929,284.17325,284.41336,283.39066,285.20297,284.15765,283.06366,285.5881,284.2923,283.77414,284.5905,284.22858,286.5609,286.1649,285.16116
377,1881-06-16,286.14627,284.62506,287.32312,287.8119,286.66653,287.7018,286.61636,288.3845,285.8094,286.44882,287.36215,287.7375,288.19846,287.94534,287.47577,287.7449,286.4453,286.26648,288.69028,290.15637,287.2122,287.7117,287.95813,285.66592,286.68073,287.1266,287.92508,286.5537,286.42084,287.84366
378,1881-07-16,288.72043,288.1623,289.54062,289.73456,288.96027,288.48123,288.93262,288.62988,288.56674,287.30948,288.79526,288.40228,290.1776,288.24252,289.29276,288.37314,286.41052,288.08618,288.94388,289.29196,287.08273,289.2494,289.22177,287.4496,288.9112,289.55826,289.53998,288.23627,290.60648,287.52493
379,1881-08-16,287.74097,288.50497,289.77103,289.59152,289.82642,287.85587,288.5322,288.389,289.49686,286.9375,288.69727,289.3657,290.83542,288.59302,290.46667,287.98648,288.45404,287.8137,289.85745,290.62982,288.09232,288.32892,289.88678,287.95212,287.9179,290.34033,289.22223,289.53305,291.02768,288.64893
380,1881-09-16,285.714,288.43094,287.7564,288.2054,288.92914,285.70932,285.0074,286.9966,288.4421,287.3106,287.76123,287.43066,288.2842,286.5843,287.37518,286.6777,288.85266,286.47107,288.44165,288.97464,289.06906,287.25864,289.44843,287.10367,287.47748,286.62094,287.87018,289.51007,287.904,287.24716
381,1881-10-16,284.0253,284.52963,283.7594,284.4261,286.08685,285.7864,284.29245,284.08612,286.01346,285.823,285.7923,285.58054,284.82114,283.89233,285.80896,283.73004,286.57617,286.43384,284.7286,285.60248,283.2669,284.34576,284.72354,285.09204,282.48788,285.1626,285.0033,283.0546,286.2124,284.2098
382,1881-11-16,282.50635,281.32947,282.41895,281.24704,282.76047,282.77014,283.23843,280.31006,282.27573,284.3056,281.74622,281.4352,282.28555,282.08176,281.5525,280.7686,282.02756,282.41348,281.54675,280.98035,279.61874,279.5237,282.00385,282.49997,281.47208,283.15585,281.61288,281.74124,284.53073,280.35284
383,1881-12-16,280.10422,278.32794,281.5101,280.10925,279.55756,280.76508,280.98206,280.41458,281.63144,280.21942,282.06503,280.2234,281.9382,280.163,281.05032,280.1607,275.2231,277.99188,279.88943,279.39175,277.28024,280.03577,281.4634,280.7378,278.3475,281.09265,279.76224,280.77972,278.98685,279.76834
384,1882-01-16,278.5121,280.49246,280.03778,280.4495,279.35336,279.0321,279.8394,277.64783,277.46457,279.1082,279.6486,278.08835,280.3956,279.27176,279.86548,279.40173,277.01593,276.09808,277.83325,278.4979,277.38416,280.04922,282.0732,275.89407,274.61533,280.80887,278.33868,278.7619,278.03516,279.139
385,1882-02-15,279.65637,278.81818,278.9307,279.5431,279.3255,280.12576,277.43903,278.0962,279.0322,277.88544,279.27164,279.37354,280.23734,278.71512,280.1752,280.4011,277.83075,276.98633,279.46606,279.66083,278.24966,280.08365,280.68973,279.155,278.00613,279.5989,276.66202,278.5937,277.23013,279.33887
386,1882-03-16,279.79938,281.065,279.0063,280.79654,278.9444,279.5219,281.1011,278.99365,282.2899,279.1303,280.0152,279.37952,279.0837,280.85968,279.92926,279.79623,279.7891,277.82053,278.44202,277.25842,280.35532,279.82797,278.4954,280.77344,279.02585,280.32132,279.50406,278.3741,280.7107,281.4475
387,1882-04-16,281.05957,280.54642,280.41785,282.2314,281.6895,282.85474,280.4307,281.88156,282.84915,282.6313,281.69556,280.95743,282.88776,282.76495,281.61597,282.6248,282.95776,281.20898,281.36987,282.7,279.7683,281.57086,281.87756,280.11838,281.37674,279.18622,281.90063,280.41577,282.09616,282.7667
388,1882-05-16,283.1433,284.14874,283.5975,284.27704,283.49188,286.03323,285.3967,283.3341,284.13007,281.47266,282.82666,284.69553,285.56412,284.266,283.24207,284.4873,284.81824,282.80417,284.66064,284.28284,282.8287,284.61554,285.73862,283.47266,283.78503,283.28918,284.03534,281.95557,284.43585,284.6232
389,1882-06-16,287.1882,287.93964,287.46463,287.29584,288.32016,288.9086,288.37857,286.6748,289.6215,287.44177,286.60498,286.67886,288.5655,285.46475,287.20728,287.40393,286.22614,286.91083,285.68463,285.7552,285.98474,285.2535,287.10178,286.81433,285.1464,286.14108,286.33276,286.638,287.50693,287.78754
390,1882-07-16,288.46402,289.0437,287.39362,290.60666,287.63406,288.1167,288.88733,287.23425,289.48895,288.85153,287.63876,288.12155,289.3018,287.21722,288.96594,288.03836,287.8028,286.44205,287.39804,287.41885,289.8953,287.8482,288.79285,288.5654,287.24338,288.07632,288.81485,290.11658,287.81238,288.24152
391,1882-08-16,290.6969,289.07272,288.6999,288.6831,289.22452,288.75958,288.94452,289.3361,289.03595,288.85342,288.43887,289.1376,290.04358,289.7458,289.87735,287.40808,288.31708,289.03598,286.8636,288.2619,289.50293,288.80157,289.61572,289.63205,288.3153,287.83643,287.46793,289.822,288.38797,288.71283
392,1882-09-16,285.3102,286.0964,286.4736,286.45206,285.98004,287.70392,288.0104,287.14056,287.7728,285.20612,287.00555,286.53336,287.33707,285.42133,288.61172,286.15707,287.22156,286.82153,288.75934,286.88837,287.65405,289.1481,287.6278,287.0104,287.0198,286.74078,287.5212,287.21777,288.572,287.5481
393,1882-10-16,284.9119,285.26102,284.27402,284.28842,283.81854,284.06387,285.78915,284.4245,285.77252,284.43176,283.91733,284.5555,284.62366,282.51465,284.1494,285.29752,285.99423,284.63666,286.07224,284.58014,285.4163,285.4979,285.19696,285.14267,284.37503,283.4458,284.54666,282.68048,284.9532,284.93604
394,1882-11-16,279.38614,282.07816,281.3224,282.21274,282.26633,280.75116,281.00854,280.52118,283.9642,283.0455,281.90924,281.7018,281.74194,279.57715,281.90884,281.1438,279.61935,281.4288,282.26712,281.63376,281.56314,280.12503,281.9018,282.568,282.43207,278.66995,282.08722,280.2637,282.4943,281.46744
395,1882-12-16,279.0025,278.1849,278.97308,280.3664,276.4279,275.75943,281.61295,279.386,281.9944,281.88794,277.78006,280.0926,280.39136,280.37885,278.22202,279.91916,279.56656,280.08502,278.96875,279.9985,281.1721,279.5544,278.98074,279.18768,279.2148,279.0598,280.2119,280.78445,280.28625,277.72522
396,1883-01-16,279.6803,276.83334,278.91528,279.21945,276.76926,278.36218,280.41318,279.61722,280.15045,278.33514,276.46527,281.10135,279.47507,276.13004,278.5016,278.92133,279.0313,279.5757,276.94382,276.48206,275.9983,279.55615,279.73087,280.27588,277.96378,276.60742,277.93048,278.24112,276.21094,279.46057
397,1883-02-15,277.76227,277.22412,277.58682,279.88965,278.86346,274.6509,278.92056,280.3791,281.27493,279.96094,276.5577,280.44342,280.16483,280.6387,280.39874,278.40417,278.21912,278.39426,277.57394,277.33066,277.42242,280.00308,279.04816,280.8296,278.14346,279.07538,278.27225,276.54358,277.37262,278.53876
398,1883-03-16,279.96082,280.2681,279.54938,279.96796,280.13257,279.84952,280.87393,277.4192,281.50848,278.62442,276.37,279.34106,280.56778,280.25253,278.6716,280.34937,280.00684,281.30664,277.93176,280.23657,279.39798,280.9434,281.0326,281.7674,279.4513,280.59518,279.5529,278.3503,282.29504,280.46683
399,1883-04-16,281.41748,281.8876,281.42728,281.07446,281.0573,282.22955,280.8927,279.76813,281.27863,281.83865,279.97592,282.9135,282.7033,281.08224,280.39352,283.0073,282.72144,282.96732,281.28314,281.4325,282.75687,281.58777,283.24545,281.9369,282.49188,281.31506,281.57666,281.87643,282.65387,280.20642
400,1883-05-16,285.53342,282.326,284.7156,283.58362,283.8707,283.96164,284.08472,284.54645,284.7007,283.04797,282.61166,283.71008,284.44302,284.93744,283.6318,285.75186,284.99826,284.90836,283.56436,284.57968,284.60132,284.77615,287.56805,283.99918,285.3451,283.6023,284.26517,285.2089,283.8973,286.17108
401,1883-06-16,288.76324,285.6939,286.73627,286.23514,287.21576,287.3509,286.7438,285.37622,288.8602,287.08002,287.3464,285.8375,288.90906,287.20557,288.4254,289.06107,286.7651,287.99194,285.5617,286.61383,289.6145,287.7893,289.18637,286.00543,287.3029,285.50082,288.217,288.25516,287.34875,288.32587
402,1883-07-16,289.50153,287.63602,289.0545,288.27426,288.57898,289.48618,289.70377,287.6168,288.0378,288.62225,288.49762,289.29007,288.778,288.26578,287.81348,289.99765,287.169,288.61566,287.53275,288.57294,287.3017,288.64142,288.02322,288.90527,287.79718,288.42773,288.22522,289.04202,288.33472,288.84732
403,1883-08-16,289.04324,289.12732,288.7751,289.10156,287.4185,291.19235,289.01227,288.97116,288.77768,288.31345,288.95163,289.5192,288.1826,288.09702,287.74435,289.25983,287.39447,289.29437,289.56384,288.25916,287.2643,289.59427,287.52295,288.99036,289.43875,288.86807,288.8869,290.14352,289.74826,289.68756
404,1883-09-16,288.52097,287.8125,289.03745,286.97787,287.66525,287.89133,288.32812,286.6482,286.77258,287.6247,288.9817,287.2657,288.07935,288.64603,288.2473,286.85535,286.92978,287.5423,287.4957,286.89874,287.21353,286.94604,287.82846,286.5639,287.04718,287.27252,285.49243,287.29175,286.96042,287.7599
405,1883-10-16,285.47705,284.75842,284.70627,284.28012,284.79276,285.20477,283.79782,284.95425,285.67343,284.9957,282.75064,285.1631,284.95578,282.83215,284.71707,284.94458,285.6881,285.3053,283.90808,283.7382,284.1011,282.8834,284.5065,285.56787,283.64215,285.20792,283.7796,286.13553,284.8049,285.78235
406,1883-11-16,281.4339,282.91684,282.14682,280.8397,283.22104,282.41202,281.6113,279.01263,280.12125,280.03888,281.75916,281.68524,281.3965,281.76392,281.59384,283.90027,282.41397,282.0936,281.68054,280.29813,282.30444,280.7406,282.00568,282.14764,279.9491,281.8645,281.16656,281.81204,282.15054,283.3722
407,1883-12-16,281.27505,280.39398,280.50952,279.899,281.15796,280.0781,279.2519,279.75098,278.08746,277.19254,279.14355,279.6705,280.32242,279.24634,279.4331,281.33002,277.4235,279.95615,279.7612,279.65598,279.266,279.8695,279.7103,279.9971,279.06125,280.96484,280.21466,280.00912,278.2006,281.68127
408,1884-01-16,278.0902,279.10986,278.4811,279.87753,278.52045,278.2747,278.68253,278.04565,277.90555,278.1081,280.2853,278.9317,279.6096,279.29822,278.10687,279.95355,278.3472,277.94614,279.7011,279.7031,277.51135,278.29425,280.01154,277.00787,280.19644,279.19357,279.3038,277.83124,279.68216,280.309
409,1884-02-15,278.7839,279.27655,279.26028,277.45145,278.3612,280.28912,276.54266,276.52777,277.79846,280.7927,280.09238,278.32974,278.89374,279.98737,278.08594,279.50854,278.67245,278.45404,280.02496,280.31448,279.6736,280.25406,279.5725,276.79208,278.77496,273.38818,279.12836,281.17325,280.63937,281.37564
410,1884-03-16,280.65024,278.98312,280.86182,280.0349,279.0881,281.18085,277.79742,279.43994,280.11044,281.2214,279.26273,279.91296,277.0887,279.47577,280.14252,280.91983,280.8323,280.7003,279.2391,280.10812,280.0935,278.07147,281.40704,279.88995,280.5822,275.91714,280.8019,278.7339,278.55,281.16327
411,1884-04-16,282.07883,281.83154,281.6632,282.20935,281.64694,283.36853,279.9699,281.8928,280.58755,281.6863,282.677,283.0304,281.73413,281.14966,282.07773,281.40317,280.70297,281.56845,281.3291,282.58258,282.03146,282.8332,283.01752,282.05475,279.94925,278.6741,280.99054,281.35043,281.78137,283.1008
412,1884-05-16,283.1837,284.2196,285.93365,283.98972,283.30222,284.5767,284.06082,285.8311,284.2989,285.29593,282.86746,288.35806,282.68866,283.5085,285.10303,284.75455,283.95435,284.37543,283.40457,285.30383,284.5763,283.57697,285.54175,284.93454,284.15033,283.92963,283.95062,283.11777,283.96643,283.51346
413,1884-06-16,288.21265,284.88553,286.95615,286.3307,286.56647,286.8994,286.20776,286.91663,287.47696,286.4568,288.32678,287.88147,289.0626,285.48575,287.96063,285.89255,287.73398,287.05597,287.02747,287.40482,287.19205,287.4361,287.97784,287.51544,286.44083,286.45865,286.29556,289.04404,286.2903,288.5362
414,1884-07-16,288.38873,289.20468,288.8514,287.7744,288.52115,289.32034,286.71478,289.08008,288.55194,289.94623,290.2366,289.47025,290.5197,290.31903,289.18387,287.60126,288.51425,289.17694,288.07944,288.79645,289.58246,287.4974,287.22333,288.37897,290.65176,288.18222,287.44537,288.5002,288.08176,289.93024
415,1884-08-16,288.33072,289.5438,288.3914,288.93265,290.3365,288.8932,288.39676,288.89825,288.27026,288.86792,289.53146,287.95834,288.7899,290.35236,287.44934,289.40692,289.06915,288.7536,288.3656,289.87634,290.7578,289.01428,288.3672,289.82272,289.333,288.14703,287.9529,288.38638,288.73706,289.2184
416,1884-09-16,287.69476,287.49268,286.0713,287.98865,288.0871,285.58572,286.75745,287.7971,287.44235,287.9739,287.6652,287.06857,286.82465,287.10544,286.16553,285.3658,286.36392,287.68317,288.24915,286.7838,286.69638,285.78812,288.56644,286.7434,287.70328,287.21216,286.45248,287.02667,287.97363,287.58316
417,1884-10-16,283.80746,283.7784,282.60367,284.22635,284.03287,283.85837,285.65924,285.77917,283.2721,284.92346,284.78473,283.17712,283.39584,282.13168,284.9884,283.31088,285.05237,283.34964,283.8104,283.74265,281.834,283.35886,284.7995,284.86166,286.22507,283.1922,284.40717,283.248,284.76923,286.08862
418,1884-11-16,281.6403,281.89658,281.2115,280.49945,283.2515,282.55103,281.0872,280.61526,281.56058,281.75818,281.64365,279.71384,281.64047,280.31845,281.70355,282.22357,281.63715,282.14517,281.34564,280.09464,280.81604,281.559,283.04257,282.47342,282.84457,281.4448,282.47852,280.01843,281.55167,283.1122
419,1884-12-16,277.88065,280.07574,278.40714,279.83386,279.8617,280.64655,278.7719,277.41953,277.9751,280.2832,279.53842,278.1352,277.42868,281.4466,280.1544,279.49323,277.9845,277.7225,278.73984,280.70166,280.2092,278.42398,278.95682,280.91956,279.74072,280.77167,279.65247,280.30353,281.78397,281.56024
420,1885-01-16,276.44476,279.4996,277.3216,278.14853,280.61914,280.24005,276.0042,276.51306,275.9446,277.75803,279.60312,277.9327,277.54578,278.72073,278.93948,278.8255,275.73886,277.8726,279.27142,280.19693,278.98984,280.59293,278.4957,278.3918,279.58218,278.3269,279.31467,278.71548,279.12988,279.667
421,1885-02-15,278.68524,279.99463,277.62952,277.55383,276.33072,277.60605,278.2816,276.18823,279.70956,279.3357,280.08182,278.18805,279.52768,279.1516,278.24164,277.20758,276.12918,277.48923,276.42062,279.7187,278.17053,277.3552,278.376,280.39835,281.0482,280.2714,279.0891,277.24387,279.01443,277.8258
422,1885-03-16,278.5701,280.31555,279.13028,278.86362,279.63602,277.68576,276.65564,280.46622,280.88165,279.19598,278.59738,276.667,276.48944,278.67535,279.46143,280.37143,279.02548,280.23682,276.24814,280.77438,278.79144,278.47015,279.0598,279.8887,279.75528,282.0871,278.56985,280.41125,278.70163,280.35236
423,1885-04-16,277.21738,280.4707,280.86792,281.65823,280.20023,280.8101,280.7207,281.64096,280.42474,280.98257,282.06354,279.64706,281.2903,280.9815,282.1586,282.01413,281.54044,281.23022,281.4852,283.18372,278.9001,280.2746,280.1953,281.42044,281.17752,280.53708,280.36438,281.61078,282.23538,282.25427
424,1885-05-16,283.34665,282.4721,284.43182,284.7036,283.55298,284.54224,281.9799,284.41653,283.08282,283.60852,283.02588,284.5667,284.8476,284.20465,286.60907,283.69586,286.60513,284.29672,284.25104,285.58057,280.86624,284.66617,285.34958,284.233,283.38095,284.61758,283.2075,283.37384,283.27356,285.18582
425,1885-06-16,284.6846,286.61572,287.80573,289.63458,285.20496,288.72476,285.7364,286.48444,286.5842,288.29562,286.20633,287.4165,286.0822,287.63608,288.13184,285.0676,286.9966,287.59958,288.05203,289.01254,285.17047,286.54926,287.5694,287.02783,288.04727,286.93094,286.50394,287.36435,287.05377,288.5878
426,1885-07-16,289.17734,289.00525,287.7479,288.5568,287.3075,288.64636,287.4912,289.55365,287.3621,289.05902,287.86304,288.40988,288.23407,289.04745,288.62506,288.78998,288.12518,289.56592,287.15875,287.46457,287.1377,288.26465,287.71356,287.08286,289.2082,288.29813,287.13345,288.55975,288.46875,288.13324
427,1885-08-16,287.7427,288.90683,288.96756,288.2085,287.50043,288.87845,287.90598,289.36896,288.7084,289.8947,288.00098,288.2339,288.1999,290.19403,289.9307,288.73587,288.77737,288.7595,287.3453,290.18076,286.99854,288.5307,289.24744,286.8492,287.92065,288.04706,289.49094,288.28284,290.00055,289.0587
428,1885-09-16,285.65353,286.82468,286.05777,286.34134,286.6288,287.27997,285.97943,287.89676,288.26074,287.40833,285.38394,287.74536,288.48352,287.75403,287.37405,288.9952,287.65817,287.00235,285.11655,287.51645,287.30075,286.4012,287.45834,286.65234,287.06613,286.52023,287.58243,286.44562,287.07446,288.22153
429,1885-10-16,283.7514,285.04065,284.22675,284.12097,283.0857,284.0336,285.5048,284.9318,284.59686,284.86993,283.88956,285.02563,287.03787,285.46378,286.07986,285.84433,285.64963,282.8922,283.87643,286.78418,283.7241,282.8593,285.4622,283.2268,285.5002,283.40436,284.5454,283.81287,283.5298,284.44284
430,1885-11-16,281.53632,281.4323,279.90305,279.93906,280.90497,282.21356,281.72104,281.65927,281.12613,282.9921,282.336,281.40802,283.00336,280.09076,281.39255,282.1269,283.88943,278.7767,281.5713,282.63324,282.29016,283.12146,281.99493,279.65292,281.77762,279.331,281.0287,282.45544,282.21533,278.92944
431,1885-12-16,279.57114,280.0331,280.28354,280.21585,280.05508,279.56964,280.07877,280.9692,278.24356,280.1222,280.58884,281.11896,281.17444,280.4095,278.42416,279.355,281.03162,279.3415,278.72913,282.34967,278.53146,279.8648,277.86084,278.09534,278.59988,277.53043,281.889,280.4488,281.7712,279.00882
432,1886-01-16,279.87,278.7372,279.26584,276.63367,278.14075,279.38144,278.42966,276.41925,278.88586,276.33212,276.65656,276.69473,281.61444,278.85916,279.3852,278.22382,279.30246,279.62088,280.98874,281.0056,277.67374,280.10376,278.25143,277.53714,278.3886,279.49887,279.9313,278.25916,276.8263,278.5164
433,1886-02-15,278.40512,277.73657,279.0705,279.6095,279.16257,281.16687,279.07288,276.1455,273.91357,278.68573,278.46378,280.32098,281.06885,273.4686,278.6601,277.25974,276.00656,280.98996,278.69763,280.32236,277.94537,279.07712,278.22308,278.7262,278.2859,279.5337,278.96594,279.59775,278.69455,279.97858
434,1886-03-16,280.5442,281.11456,280.2804,280.45352,279.52667,277.70575,279.3132,279.53717,278.21,280.38464,277.20633,279.9992,280.9197,278.73227,280.2306,280.2704,280.65744,280.68213,279.1192,280.21945,279.30908,280.10812,279.91434,280.6963,278.03177,278.06848,280.63165,280.30103,277.6751,280.07974
435,1886-04-16,283.46198,280.5909,283.54205,280.58417,282.8008,283.6766,282.48627,281.18634,279.29276,278.08475,280.12646,282.79065,283.17786,281.5051,282.393,281.21533,281.3941,281.5028,282.45438,282.51184,281.78802,282.34616,280.9105,280.92493,281.6919,281.19104,283.57114,282.63705,282.10898,281.30902
436,1886-05-16,283.70844,281.63647,284.28757,283.95706,286.14276,284.15005,284.32297,283.55505,283.93634,283.41882,285.6989,286.05103,285.51947,284.0407,284.74185,283.5877,284.6217,283.3624,283.76077,285.1776,284.88885,284.14984,282.58603,284.18918,281.56384,284.44073,285.22708,284.32877,284.88666,282.6028
437,1886-06-16,288.2187,287.0434,286.7208,287.92514,288.09134,287.20935,288.67584,286.8487,285.641,285.26,290.18854,288.7844,289.20062,289.3094,287.05478,285.7274,285.566,286.285,286.78757,288.0365,285.0686,287.8008,287.4323,287.28104,285.66757,285.46967,288.23914,289.06158,286.78595,287.33102
438,1886-07-16,286.54117,287.373,288.77136,288.4664,288.99896,289.68378,289.79172,289.29175,287.54678,287.18887,290.43558,289.28403,289.456,287.62665,288.87302,289.38855,286.88428,287.7491,288.77383,289.45715,290.57642,288.96185,288.71155,288.4299,287.182,290.8141,287.07077,286.38443,288.83685,288.37222
439,1886-08-16,289.07303,289.30487,289.04376,290.01266,288.8928,289.2128,288.04453,289.20053,288.8163,287.98267,289.1032,288.42413,288.47995,288.2803,289.25333,288.9543,288.09235,288.90375,289.93738,288.81152,287.7104,289.64624,287.7647,288.699,287.58533,289.15662,287.53384,289.96182,288.0745,288.81802
440,1886-09-16,287.37265,284.74756,287.7494,286.7251,287.60385,286.65698,288.02448,286.4208,287.45502,286.44626,287.1197,287.21036,286.5637,287.15497,286.6519,288.66348,285.88495,288.79117,286.95163,286.8449,287.04214,286.97705,287.90726,286.79074,287.62473,288.13754,287.03098,286.77237,289.0005,286.98383
441,1886-10-16,283.95328,283.95325,286.1913,285.66068,285.13318,284.83963,285.06552,282.6573,283.84137,284.30646,283.40933,283.98438,284.56738,283.49933,283.87112,283.28223,283.50378,285.37704,284.01532,285.27963,285.7196,284.5778,285.08728,285.77533,285.5452,283.8479,285.441,284.8555,284.9254,285.76974
442,1886-11-16,280.73178,280.77466,280.88495,281.65225,283.21024,284.13757,280.92743,280.73856,281.04654,282.48593,280.5193,280.60083,280.83298,282.19995,282.08765,280.84564,281.07593,281.54068,281.4015,282.04926,282.8294,281.68445,284.32532,281.7028,283.71964,280.9497,282.77914,282.85297,281.05563,280.2655
443,1886-12-16,279.10355,280.05927,278.8032,279.0961,281.81992,281.73727,279.56146,278.38043,279.2013,278.332,280.29053,281.1757,280.13058,280.14023,279.8759,279.4664,279.11816,280.3657,279.39322,278.95148,280.52615,281.42532,277.42688,279.28247,281.8991,278.51602,280.93195,280.53137,278.6848,279.61948
444,1887-01-16,281.10794,278.7198,278.4143,276.90356,278.62415,281.09756,277.5265,277.44037,278.00723,277.96396,278.7743,280.28705,278.39172,280.7782,278.47742,277.3146,277.92648,280.65005,277.1122,279.06357,279.06393,278.2499,274.61673,280.19162,279.84628,278.78903,279.78897,281.76248,279.0356,279.6237
445,1887-02-15,280.0055,278.4713,279.37845,278.88416,279.72467,280.76337,277.4073,278.76306,279.62885,277.42722,278.10693,278.3721,277.35263,280.41992,278.67355,279.2294,276.81024,274.88293,274.7043,275.7996,280.15182,278.6327,270.09906,278.74316,279.57162,278.14246,279.151,278.3924,280.6651,280.7084
446,1887-03-16,277.5641,278.8456,278.96094,278.9062,280.60565,279.68115,281.31244,276.78366,279.56314,274.80624,279.1104,279.2823,277.6239,278.4048,279.9069,280.06332,279.42896,280.91135,279.42154,280.57538,280.36194,280.5832,274.77814,280.69565,281.05438,278.7939,280.3352,280.5117,280.6758,279.58057
447,1887-04-16,280.84933,282.11032,280.91025,279.4387,280.97092,280.93936,280.22696,279.11444,282.8467,282.5108,282.08978,282.00256,279.66293,280.85477,281.9961,281.35797,280.65353,280.61533,281.6748,282.51358,283.59946,282.71695,279.4137,282.57654,281.2205,280.1233,281.9016,282.3556,282.0277,280.6832
448,1887-05-16,285.21448,282.96353,284.16052,284.28885,283.33984,284.01175,282.9243,283.5433,286.0764,283.33215,285.36453,284.14163,283.26962,284.1314,283.93283,284.2273,282.91095,283.94962,285.0115,284.34576,284.88434,286.19382,285.3386,284.13806,282.26816,283.90567,285.50815,284.32483,285.18494,284.56613
449,1887-06-16,288.57108,286.70584,286.26038,288.2791,287.31894,288.47968,285.8086,286.40247,286.84857,286.59573,288.6106,287.60904,286.28412,290.2629,286.35028,287.11813,286.30695,287.30075,286.3779,289.25296,286.96317,287.11533,288.27963,286.58466,285.57635,286.5446,288.4088,287.36243,287.78348,290.41306
450,1887-07-16,288.33075,289.04196,288.4095,288.55295,288.5909,289.2866,288.27356,287.70258,288.72034,287.87927,290.3785,288.74277,288.7977,291.19342,287.55276,289.42065,288.02036,288.12036,289.71283,288.7151,288.36365,288.29474,289.63913,287.92358,287.45645,288.48938,290.50302,288.29883,287.38046,288.91626
451,1887-08-16,288.91345,288.40262,289.81042,289.1718,287.26453,287.9686,288.99112,289.19797,288.8894,288.6041,290.3043,288.36807,289.39096,289.15454,288.9037,289.3573,287.76147,288.35965,287.8558,288.93793,288.53558,289.72012,289.85773,288.46268,287.89905,287.85635,288.74323,289.7833,288.4264,288.8863
452,1887-09-16,287.6272,286.8145,287.148,287.9266,287.6349,286.55228,287.07465,286.90448,287.5594,286.6022,287.45157,287.67328,285.75937,287.41235,288.18387,288.20132,288.14243,288.39352,285.6096,287.86288,287.1504,289.41,287.0185,287.08963,286.72726,286.92746,286.52832,287.70132,287.10165,287.4359
453,1887-10-16,284.91806,283.67007,284.6129,284.1728,284.10175,285.53723,283.92496,285.8705,284.22433,286.2454,284.21802,285.10617,283.1419,285.50644,284.59946,285.38202,284.67783,284.6186,284.1289,286.9075,284.89774,285.97058,286.70227,284.2172,284.5436,284.43988,284.52332,283.4658,284.59232,285.237
454,1887-11-16,282.01324,281.3538,283.1798,280.46524,279.15237,280.99048,282.36505,280.312,281.0301,281.7357,282.9029,280.79776,279.31802,280.02377,282.4574,281.97223,280.80762,281.5903,280.97803,280.91443,282.4091,281.1741,283.52936,283.26877,282.6045,280.98724,280.25217,281.54514,280.8048,281.6696
455,1887-12-16,279.8506,278.97122,282.37033,280.1896,277.6643,280.37677,277.29886,280.08362,278.22238,279.27493,279.98834,280.07242,278.04462,278.88022,281.97888,280.93597,280.03604,278.89627,281.3319,279.9397,281.49036,279.7569,280.63043,280.10748,277.98676,280.94714,281.13757,280.48886,280.83612,279.8594
456,1888-01-16,280.43622,276.91602,281.0473,276.81015,279.95398,278.75714,276.01202,279.83197,278.18546,277.42758,279.44025,279.15982,277.25656,279.9747,279.93106,278.6478,275.8185,275.35135,278.7333,278.64694,280.00323,279.9858,279.40073,278.75558,277.5025,281.2435,277.40234,279.27557,278.60574,278.5684
457,1888-02-15,275.75546,280.31567,280.00275,278.1904,276.46158,278.4704,276.8549,279.0267,279.86865,277.80286,276.7199,277.0477,278.20135,277.86383,276.5126,279.76743,279.0162,279.16312,280.06613,275.2564,278.10574,279.67517,279.7854,280.10583,278.7367,279.57166,275.5435,279.638,279.45834,276.24945
458,1888-03-16,279.02322,279.3304,282.3012,279.30347,276.93594,279.01318,277.61395,279.79492,280.0703,279.1936,277.21698,279.4951,277.5167,280.8679,277.99557,280.78397,280.83508,275.27554,280.10678,277.32428,279.68192,280.42032,279.08353,280.18637,278.11795,280.03992,277.7473,281.13837,276.75073,278.8837
459,1888-04-16,279.13773,282.1367,281.79535,281.12183,279.82364,278.25275,278.2747,281.6342,281.4112,280.85516,279.89676,281.54153,281.88467,282.79498,281.68646,280.89212,280.332,279.14716,281.21115,279.6682,280.10208,280.65222,280.70547,282.37436,281.66425,282.02637,280.81415,281.57587,281.0092,280.43964
460,1888-05-16,283.86472,283.26114,285.6299,283.51562,282.71024,283.2634,284.19962,285.1508,283.76697,285.10638,282.9737,284.43988,283.76355,283.81882,283.7745,284.40817,284.11264,283.32437,285.64194,284.79053,282.67578,283.5873,285.1893,284.83795,282.838,285.17615,284.53452,283.37802,284.99545,280.68854
461,1888-06-16,288.16348,286.42133,287.11975,287.34476,284.76953,286.6189,287.685,287.8909,285.90573,286.81342,285.7467,286.77136,286.59985,286.46942,286.17484,286.18314,287.2304,284.89743,287.80624,287.76038,285.85413,286.94504,287.52875,287.93036,284.64297,287.9507,286.63013,288.7431,286.2145,286.24213
462,1888-07-16,287.35385,288.63083,288.8089,290.08728,287.43356,287.24786,286.66882,288.6825,287.1504,288.01364,287.15686,287.68063,288.5784,287.98242,289.14258,289.0079,286.9664,287.1869,290.33035,289.57715,287.7238,291.61234,289.9179,287.69992,287.92505,288.02777,290.09427,289.72977,286.82568,288.57098
463,1888-08-16,288.383,289.8615,288.51877,287.47894,288.63773,289.5201,286.7573,289.59842,288.80197,286.55542,286.63196,287.06833,288.88974,288.78748,289.746,288.1846,288.12683,287.6919,287.33932,288.2514,288.3221,290.81653,289.29117,289.52896,287.3209,288.17505,288.36133,290.46472,287.62253,289.27725
464,1888-09-16,286.3912,288.64285,287.03378,286.8401,285.4246,286.2316,285.7825,288.00085,286.64496,285.3564,286.324,286.3924,285.81616,288.2249,288.24252,285.7744,287.18045,285.89224,286.11697,286.2511,288.25983,287.9756,288.49625,287.3431,288.33768,286.78778,286.64844,287.09955,286.65482,288.55988
465,1888-10-16,285.0149,284.9684,285.30176,284.00186,283.48584,283.2458,284.0334,286.12732,282.74973,283.51535,284.58813,284.52908,285.03854,284.26193,285.88956,286.29547,285.53998,285.18326,284.9222,284.29547,284.47015,283.35757,286.00977,284.99814,285.4806,283.74484,285.8804,285.96332,284.84723,285.40662
466,1888-11-16,279.5643,281.50455,283.51,280.62158,280.97424,282.36877,282.1327,281.00412,280.93558,281.61005,279.58893,281.31122,281.7662,280.8637,283.0549,282.32965,280.9125,283.39316,279.84308,282.25912,282.84488,282.2937,279.74374,281.58975,282.61765,281.3408,281.69775,281.66537,280.52228,279.54016
467,1888-12-16,277.91498,280.35583,280.1514,280.54318,280.684,281.15775,281.65613,281.49463,281.73346,280.43478,276.70865,279.24747,280.1549,277.95056,280.4645,279.94373,279.99234,280.08267,276.36374,280.72842,279.7966,277.63174,278.13324,278.086,279.71436,279.93417,277.13425,276.1983,280.48636,281.20734
468,1889-01-16,280.4313,278.25552,280.10312,280.58563,279.14526,277.2762,278.6212,277.98108,278.5884,277.66675,277.65878,278.56335,279.27585,276.5357,279.11496,278.71298,279.67105,281.58557,277.70395,280.4776,280.9075,278.43375,279.62744,275.48007,276.40033,277.5619,278.25485,276.7491,278.4512,281.0566
469,1889-02-15,276.85208,278.56992,278.8914,276.2795,276.17117,278.17044,279.23312,277.5409,276.4413,278.81665,274.70505,276.4392,278.82883,278.4409,275.17444,278.9492,276.881,281.27548,278.1515,279.87616,279.94696,278.41794,278.37695,278.3527,278.66354,279.27338,279.5298,279.62552,278.2694,278.6699
470,1889-03-16,279.77182,277.10245,279.9718,278.28104,280.58627,278.65002,281.1792,276.16205,280.6515,280.00024,277.45056,277.95557,279.54144,278.97922,273.6978,278.79245,278.2953,280.37335,280.12268,280.08295,281.294,278.62848,277.15866,281.63354,279.84457,280.95312,280.2335,280.2965,279.2207,279.80112
471,1889-04-16,281.8224,280.70996,281.23285,281.6777,281.8356,280.11502,279.47925,279.6794,280.5306,278.99802,278.2593,278.77032,280.0031,281.5079,277.6269,278.127,281.93735,280.2392,281.16953,282.901,281.6337,280.0004,280.97192,281.4262,278.8172,280.8075,280.7947,281.01855,282.94925,282.10464
472,1889-05-16,283.67502,286.13895,284.27762,283.6409,284.14984,282.07404,284.78568,282.69064,283.93393,284.14407,283.0178,283.74506,283.37598,283.32968,284.92133,282.82123,283.19095,284.25,285.1154,285.28763,283.67392,282.39093,282.0589,283.5185,282.15964,283.03214,284.0222,285.09732,285.07767,282.63437
473,1889-06-16,288.348,286.9007,288.52847,286.91702,288.07422,286.73752,287.3891,287.51605,286.48294,287.70343,289.8151,287.9899,286.31134,285.7855,286.644,289.3697,286.07382,285.6416,287.54123,288.2845,287.2364,285.96567,286.431,287.65915,288.24615,287.20218,288.5141,287.42065,288.0661,288.1888
474,1889-07-16,289.597,289.8081,289.67007,289.41556,287.92535,286.20505,287.55057,290.34152,288.28018,290.2011,289.04044,290.98984,287.33307,287.5349,288.10446,288.20053,286.91104,287.26962,287.67053,288.19376,287.9239,288.37372,286.9292,288.16794,288.06512,286.77518,287.02725,288.11392,287.83505,288.6398
475,1889-08-16,288.6481,287.67023,288.86707,288.69046,288.9601,288.12506,288.39062,289.4103,287.24976,290.01526,288.5166,287.28238,289.1374,289.69168,288.52,287.859,287.98,287.19507,290.25235,289.0389,288.33856,286.9749,287.6717,287.43365,290.27402,288.59158,288.10556,288.1534,288.19452,288.42328
476,1889-09-16,286.3223,285.13098,287.26358,287.1069,287.72415,288.8807,287.76276,288.92792,287.14572,286.51303,284.75858,286.31015,285.95547,287.0901,287.13757,285.42523,287.2693,286.58005,287.83136,287.75656,285.33447,288.26935,286.4165,286.14502,288.21814,287.44824,287.31213,287.3654,287.40497,286.6434
477,1889-10-16,284.48538,283.85532,284.68726,285.8977,284.31198,284.08545,282.23343,285.1959,281.6144,284.7608,283.75522,284.00626,284.2706,284.29962,283.8056,285.17587,285.3311,284.0936,283.85373,286.7212,285.07117,284.25015,285.323,284.14053,285.46896,285.92065,283.7361,284.9369,283.73297,284.43225
478,1889-11-16,279.62268,280.99393,281.0085,280.04788,279.30664,281.8078,281.52933,281.7055,280.46704,280.5751,280.99915,281.8695,282.08157,279.95425,283.0192,282.8079,280.27484,280.26544,281.63116,281.27896,280.90768,283.1674,281.02844,281.69928,282.31763,281.9317,281.83456,282.7934,281.08994,281.7177
479,1889-12-16,278.9926,278.05518,280.7514,281.4214,280.8171,279.23364,279.7285,280.6316,278.2057,279.3317,278.1291,279.8081,279.49384,281.39835,279.54742,281.44446,280.64075,278.42035,278.80066,277.90063,279.1887,281.31363,280.46228,280.53418,278.7749,278.28485,279.6495,280.82755,278.85025,279.9212
480,1890-01-16,278.97528,279.74637,277.34912,277.9482,280.33975,277.87393,279.10336,280.12247,277.81323,278.68365,277.5761,279.73502,280.16086,279.1474,280.2668,280.4483,278.76373,275.26886,278.46408,277.8846,279.15378,279.61078,280.12192,276.7672,278.956,277.144,279.9552,280.57852,279.66666,277.59555
481,1890-02-15,281.05246,280.38232,277.6438,276.70892,279.2925,277.19534,278.65717,281.20926,278.3798,280.07596,278.86566,278.6204,279.9914,278.34415,278.46283,280.7055,279.37933,276.13678,276.18973,276.85977,281.28534,277.93994,277.0184,278.9865,278.69458,280.11975,280.48053,279.70627,277.52203,281.1124
482,1890-03-16,279.01712,280.22092,280.90488,280.02576,281.265,279.6286,280.71326,281.692,278.61038,281.84372,280.67654,280.0082,280.4541,282.045,280.27814,281.0868,279.9235,279.0753,275.63324,280.11243,279.2179,277.6808,278.12714,278.54578,278.78552,277.80118,281.50684,281.26108,278.17636,279.37964
483,1890-04-16,281.85635,282.71912,280.78833,281.29105,282.9839,281.6391,282.55103,282.0485,282.2076,281.1105,281.90982,278.7993,280.25696,280.56622,282.34424,283.90594,283.06894,279.62033,279.77576,283.60703,281.7769,281.5384,281.27396,281.41733,281.31674,281.16168,280.91425,280.7332,280.2966,281.15906
484,1890-05-16,284.97897,285.52753,286.06116,284.1042,284.72488,283.41882,284.15088,284.1202,284.67828,284.0107,284.91162,282.91992,284.77063,283.78992,284.1048,283.75897,283.5379,281.24924,282.73697,284.83386,285.787,285.74295,284.55234,285.08844,284.2407,285.0463,284.9903,285.1226,282.95377,283.51172
485,1890-06-16,286.72647,286.25198,286.76157,289.47165,287.4157,287.9824,287.09216,287.91272,286.42282,288.3814,287.75146,285.8343,287.66473,287.30798,289.05164,285.90274,287.7671,286.73526,287.58685,287.04755,286.93933,289.31638,286.94452,287.25977,287.30508,286.29395,288.0932,288.4551,286.28125,287.1769
486,1890-07-16,288.79382,287.5826,289.71613,287.35455,289.0881,289.03024,288.57333,287.79715,289.0557,289.38806,288.18,289.3187,287.98483,289.2469,289.17294,288.1584,290.0376,287.0332,287.8654,290.85873,289.1556,288.8673,288.00275,287.97278,287.95938,286.9641,290.55072,287.55817,287.40604,288.3959
487,1890-08-16,288.67343,287.58887,289.39114,288.66714,289.31665,288.08438,288.98294,288.16318,289.70593,288.7127,288.45944,287.88974,288.66336,289.26245,288.7099,288.49997,289.83484,289.19458,287.18173,288.96115,291.2099,288.6908,290.31277,288.6004,288.97345,287.77344,288.4713,285.91312,287.4984,287.55002
488,1890-09-16,288.34012,287.07794,289.28583,286.70285,287.4685,287.33566,287.8176,287.5518,287.74152,286.9019,287.49948,285.5964,286.81918,287.9698,288.1655,288.10065,287.15402,288.62,287.29782,288.13693,288.8286,286.6752,288.17038,287.04495,287.38705,286.85403,286.90796,286.25754,286.7445,285.6516
489,1890-10-16,284.29312,285.2695,284.51813,284.9222,284.35266,285.9496,283.7918,286.0692,285.69742,284.34702,284.37042,285.33713,285.5202,284.79904,285.3516,285.9829,283.4218,285.39273,284.61417,284.63028,283.3236,281.81494,283.07974,282.71512,285.52725,284.11975,283.9572,284.9148,284.6114,283.4099
490,1890-11-16,282.56436,282.26416,282.8346,281.66943,282.5103,283.4135,282.99152,281.21695,279.6907,281.09152,281.8838,283.27325,280.93597,282.68134,281.6126,281.57697,280.70175,279.17426,281.33444,280.9554,281.29166,279.67545,281.11163,280.48642,282.2952,281.03085,282.39273,281.97766,281.62488,283.4308
491,1890-12-16,280.68146,280.508,281.77542,281.63232,279.74686,280.6354,281.06668,280.2455,278.61075,280.8636,279.8312,280.79343,279.65057,280.15952,280.9152,279.86133,278.96487,279.5126,278.62552,280.62003,279.75748,279.42386,280.91382,278.84647,280.2315,281.09827,279.4728,279.29327,278.27744,279.51016
492,1891-01-16,279.45566,279.41098,280.47888,279.95212,277.59512,278.56113,278.68616,280.63974,275.78998,278.79895,277.99976,278.90543,279.90927,278.7055,280.08728,278.59692,277.66595,278.1049,276.00897,279.09616,278.45975,277.2179,276.78122,278.7101,278.2287,278.65985,274.91565,280.4049,277.7058,278.94476
493,1891-02-15,281.13937,277.79596,276.40747,277.4473,279.70636,280.4124,278.67178,280.858,278.75916,280.91513,279.03708,277.67392,279.15088,277.27444,278.83743,277.8489,279.17618,275.3184,275.089,279.12357,276.95676,280.47702,278.55154,278.50687,278.91013,278.8004,278.39798,279.70154,280.54144,279.82074
494,1891-03-16,279.158,277.97827,277.3012,280.8231,279.67154,281.16833,279.5945,280.2342,277.556,280.6304,280.56042,281.26318,281.7089,278.25482,281.77432,280.14273,279.04745,278.3748,278.68884,280.4473,279.8404,282.17892,279.3644,279.3959,278.0697,280.29535,277.817,277.72202,279.1817,279.4765
495,1891-04-16,281.54953,279.64352,280.88394,283.4678,281.5415,284.04373,281.536,282.7304,280.91107,282.0567,281.51257,284.24203,282.81396,282.04462,282.9344,281.2833,281.6228,280.37332,278.6035,282.13715,281.46454,282.53488,281.65796,279.23123,279.27783,282.54523,281.4804,281.61853,281.59723,279.73993
496,1891-05-16,283.17355,282.70172,284.443,286.0896,282.6843,283.34882,282.58746,283.5134,284.79626,283.9193,284.64114,283.3748,284.05112,284.08682,284.04633,283.26306,283.46964,282.47098,284.10098,283.6585,284.4922,284.6471,284.4184,283.44333,284.16577,284.71783,283.69202,284.05417,285.10703,283.20667
497,1891-06-16,286.85526,286.01797,284.63498,289.06247,286.8998,286.71072,286.29,286.42383,288.35556,286.8264,286.84946,286.05243,288.41022,288.35678,288.64035,288.71008,287.04294,287.93997,285.86517,287.59302,288.141,289.29703,285.99957,286.7631,286.8984,287.85324,286.6212,286.4165,287.50827,286.26422
498,1891-07-16,287.91782,288.61725,286.09042,290.77847,289.12054,287.34332,288.10864,287.69174,288.60666,290.76083,288.47012,288.22775,288.15564,288.58524,288.50937,288.1397,286.65628,288.69955,287.27286,286.97406,288.70782,287.7805,288.83496,286.24988,290.31186,287.85715,288.36716,287.18488,289.38272,287.00717
499,1891-08-16,287.71405,287.385,286.3808,288.6792,288.3979,289.1912,288.07852,287.57492,289.51453,289.09875,289.21213,288.6355,289.60452,287.6811,289.11954,289.2686,289.20862,288.52435,288.11606,290.54144,288.82117,289.26047,288.61176,285.28058,288.32632,288.5854,288.4709,287.02423,289.04172,287.2267
500,1891-09-16,285.39795,286.32294,286.96973,288.25497,285.03705,287.04297,288.1586,286.15253,288.10324,286.36545,286.6538,287.4374,286.71912,288.20648,286.70224,286.4795,287.97998,287.57816,287.8959,287.26532,287.84256,286.82397,286.00772,285.9569,286.38553,287.6167,287.73157,285.72446,286.77567,286.59488
501,1891-10-16,284.80795,284.95465,284.07898,284.17447,284.1597,284.73593,284.95425,284.94748,285.12744,285.13345,285.17288,284.46466,283.6169,285.06378,285.25583,285.05182,285.05292,284.66098,284.8668,283.71362,285.34576,286.05423,284.9154,283.87222,283.29654,284.47433,284.38318,284.132,284.3856,283.5218
502,1891-11-16,278.84225,280.48648,279.98788,282.62958,282.89545,280.70786,280.64584,281.68878,282.2711,281.88867,281.93298,281.0054,282.3854,283.10205,282.73834,282.51794,281.29617,280.54153,280.9879,281.6454,281.9695,281.88766,282.07095,282.30887,280.18134,281.00516,281.7677,280.09494,281.24368,280.30054
503,1891-12-16,278.40863,278.6384,279.89807,281.44476,279.89536,280.20694,280.00528,279.28845,280.78976,278.94632,280.47015,277.19058,279.98676,278.2641,277.36624,278.7469,279.14664,279.8562,281.29208,280.21072,280.3658,278.07043,279.79977,280.2047,279.2648,279.94028,280.34567,279.54333,279.72528,279.9464
504,1892-01-16,279.49298,279.2815,279.91553,277.1328,279.73264,274.78427,278.61203,276.93845,279.17184,277.61038,279.9928,279.03635,277.90265,276.59302,274.39383,279.4385,278.1575,279.15817,280.52255,275.01138,280.4914,278.12543,279.00296,277.11066,277.95554,276.93805,280.19995,278.31427,280.0651,281.07065
505,1892-02-15,279.44946,278.3028,278.068,280.30142,279.88632,278.21234,279.12393,280.47272,279.81802,278.53918,276.85843,277.43088,280.31378,275.98718,277.85883,277.94287,278.93936,279.98013,279.16733,275.5646,278.49152,277.06027,277.84772,278.20676,279.8846,278.57822,280.67572,281.52145,278.0199,280.1345
506,1892-03-16,280.43427,278.83496,278.21033,279.40506,280.04907,278.2379,281.32846,279.5578,279.75137,278.51294,281.58673,279.8189,280.40317,277.0739,278.9788,280.02557,281.25336,281.6756,279.94485,280.83496,275.61295,281.25003,278.99503,277.8073,280.78622,279.9481,278.26062,280.98767,278.3702,280.8708
507,1892-04-16,282.73474,280.782,282.26706,283.90936,281.74072,281.0423,281.23526,282.04056,282.67,282.70804,283.71802,282.2624,281.52878,281.78018,279.0205,282.18912,283.24063,282.53348,280.2469,278.28647,279.01855,284.11078,281.72607,279.68805,280.2031,282.10675,281.114,281.14743,280.71194,280.7977
508,1892-05-16,285.26712,283.54144,284.7021,285.39737,282.48117,285.4484,286.0641,283.5673,286.1308,286.3252,284.6113,283.09732,284.00458,281.85754,284.45236,284.9383,284.3109,283.34732,284.38364,283.64542,283.51306,283.6842,282.88785,284.15076,286.44153,285.0217,284.91663,282.86826,282.58392,283.47348
509,1892-06-16,287.2903,285.293,286.42633,287.4892,287.12274,286.33725,286.34906,286.63528,287.74078,287.67535,288.88184,288.41733,287.53275,287.59586,288.31128,288.6247,286.91833,287.33075,288.60562,286.3334,288.13257,286.84366,286.99362,288.75772,287.13052,287.077,286.44772,287.31934,285.7927,286.1324
510,1892-07-16,288.76288,286.64755,288.43015,288.75513,289.51642,288.50162,285.39905,286.92877,288.87476,287.7766,288.245,287.79196,289.3502,286.80365,287.92764,289.1837,288.50446,289.23267,289.70963,288.01868,287.4532,289.60413,286.99792,287.44733,288.40146,287.8861,288.8277,288.80887,286.4163,288.58755
511,1892-08-16,288.36942,287.82104,287.8514,289.6873,289.60074,289.79242,286.03574,286.99426,288.2975,288.58923,287.99088,288.22662,288.35828,289.07373,289.55145,289.4798,287.59137,289.9451,288.74707,288.8818,287.89377,289.27295,287.79053,288.93408,288.1186,288.53293,287.73267,288.06598,288.79922,289.93726
512,1892-09-16,286.70602,286.15195,287.74554,287.09702,288.2717,288.36758,286.7577,286.6596,289.01666,286.6592,286.43466,288.30325,287.71936,287.35147,287.60846,286.97522,286.1976,286.7452,287.96252,286.36456,286.6241,287.4206,287.28574,287.42328,286.31787,287.70602,284.6608,286.0962,288.05347,288.95145
513,1892-10-16,282.4335,280.62698,284.31613,283.55542,283.74222,286.78522,284.60397,284.35535,284.78888,284.4298,283.33838,285.05585,285.8411,285.23083,283.5412,283.1369,283.38806,284.70605,284.8133,284.5577,284.30804,285.64984,284.13074,283.097,285.87247,284.7628,285.5794,285.56024,285.29218,283.5177
514,1892-11-16,281.44437,282.4068,282.25018,280.91232,280.54025,282.91754,281.615,282.76215,282.47638,279.93906,280.93622,282.68576,280.8616,280.7581,282.0916,282.652,279.50818,278.80222,282.18478,281.95563,281.90958,282.5876,281.37897,280.2168,281.55408,281.1554,279.91302,282.04745,282.55667,281.7445
515,1892-12-16,276.704,278.7379,280.8535,279.0239,281.08658,279.16983,281.0243,279.65573,278.91272,277.9604,277.12872,280.40524,279.77863,279.07632,280.95975,280.05573,278.80368,281.65628,280.75687,278.94794,280.2892,280.3307,281.84076,279.22137,280.1583,281.34503,280.91653,280.51505,279.587,280.33734
516,1893-01-16,277.53192,279.69122,276.55127,279.61993,276.75595,275.25647,279.02628,277.78516,276.72183,279.18576,276.1983,279.05347,279.8909,279.56967,279.24863,281.1235,280.45734,278.88037,278.40192,279.6011,277.21957,276.05383,278.7862,277.73755,279.82074,279.06717,276.90186,275.89948,277.57516,279.6407
517,1893-02-15,279.38794,279.74396,274.9997,279.4781,279.29678,278.048,277.78763,277.99667,280.00397,280.42618,276.77103,280.85956,279.2918,281.03644,281.97308,281.97714,278.77728,281.10004,279.86115,280.0973,277.50833,275.55084,277.752,278.48785,279.7072,279.14944,277.07138,276.609,277.6931,281.25192
518,1893-03-16,279.4304,278.21692,279.07004,278.62863,281.6359,278.25113,278.37964,277.8649,280.94006,278.15372,279.16147,280.90018,278.66443,281.8657,280.78162,281.19684,278.83984,279.8405,279.24835,280.77213,277.3568,280.74722,276.99954,280.00037,280.87442,279.41382,277.7216,279.87836,281.14142,281.74643
519,1893-04-16,280.8652,282.34613,279.6801,279.76617,280.89343,281.14743,280.94543,280.40973,281.42337,278.51065,279.2304,282.5055,281.50873,283.94254,281.4101,283.47076,281.30597,278.4059,278.8762,281.44644,280.97266,283.73233,278.93628,281.24777,281.45477,281.74503,281.67957,283.2988,280.502,283.32062
520,1893-05-16,283.99216,282.45407,282.16922,282.38248,281.93045,281.97205,281.95715,285.55655,283.9213,283.7551,283.60355,284.90942,283.031,285.08163,284.0471,283.59583,282.4308,283.62247,284.28894,281.65817,283.22928,284.4772,283.62872,284.97327,284.83347,282.9124,284.75626,283.0075,284.6606,285.42178
521,1893-06-16,287.1578,286.13962,287.5273,286.95712,286.90247,287.0551,287.33002,288.38782,286.73224,285.4285,286.2947,287.91818,288.33212,288.61325,285.2814,287.26468,287.93304,286.1859,286.85513,285.66763,287.3292,287.54898,285.99612,289.03342,288.0518,286.93295,288.409,288.06876,288.3961,288.44153
522,1893-07-16,286.75772,287.48373,289.45328,289.07248,286.7681,288.80887,288.5542,287.07532,288.37286,287.84885,288.3861,288.84064,288.64093,289.4433,288.0961,289.1575,289.1061,288.31625,288.24695,287.34973,288.27115,290.1458,287.20218,288.56543,289.18555,287.5739,289.00995,287.3528,290.00787,287.79266
523,1893-08-16,288.17767,287.87317,288.24936,289.9124,287.39877,288.32422,289.33575,289.24872,290.9375,287.64685,289.08374,288.15506,289.5677,289.16046,290.04422,289.3694,287.81546,288.9885,287.96765,288.80188,288.2453,289.15527,287.61795,290.04974,288.00055,288.2385,287.62433,288.25467,289.43585,289.2911
524,1893-09-16,288.706,285.9528,287.13586,287.65326,286.40668,287.5866,285.66165,287.92215,286.38345,287.3526,285.80817,286.54813,285.68646,287.13107,287.32617,286.49127,287.4447,287.61945,287.24728,287.90942,288.37625,287.03928,285.68082,287.70923,287.36462,287.61752,286.34015,285.93237,286.00204,285.7255
525,1893-10-16,282.80414,285.43854,284.79965,284.5678,285.14432,285.0976,283.6796,283.6415,284.0276,284.99094,283.92072,283.3887,283.8846,285.44778,283.59674,285.58832,285.05612,284.2888,282.94525,283.9062,285.67062,283.58984,282.82062,283.44662,284.36166,285.86108,284.6118,284.89798,285.3202,284.2804
526,1893-11-16,282.1838,281.58145,279.31534,283.23856,282.4297,281.65024,282.54242,281.001,283.19278,280.0432,281.07867,281.33862,281.74567,282.08105,281.64157,282.51477,282.0619,280.65875,280.96133,281.23724,281.88095,280.5399,280.783,282.78143,283.68234,281.65396,281.22275,282.25943,282.1231,281.2622
527,1893-12-16,279.3946,278.9044,276.39612,281.05804,280.3204,279.57196,280.73904,278.3309,279.83258,278.75543,280.35886,278.17148,279.33768,279.48904,279.31046,278.09744,281.7781,280.11865,280.238,280.73755,279.11313,277.98947,278.09134,281.52795,278.82407,279.96127,278.9399,281.1603,281.57455,279.43573
528,1894-01-16,279.3982,280.24213,277.51602,279.60745,279.36444,281.46152,280.5583,278.364,279.98645,276.60944,277.90753,277.68213,275.83676,274.51447,280.69293,278.9416,280.6936,279.30362,278.6248,278.77133,278.8582,278.51227,279.15222,279.49585,279.91727,280.5032,278.12213,280.87845,280.00357,278.95547
529,1894-02-15,276.65952,277.04227,279.74133,280.13486,279.7821,278.84286,280.03482,277.22726,279.36154,281.2134,279.3428,278.2003,278.29514,278.1589,280.59805,281.06885,278.83224,279.65002,277.92526,273.3437,277.64688,278.11743,278.85342,277.4997,277.00833,280.18372,277.49115,278.13934,277.621,277.85986
530,1894-03-16,277.32275,279.37466,279.42557,281.41455,279.46002,280.02493,280.66486,277.88135,281.57196,280.93106,281.08636,280.4502,279.39148,278.21933,282.31995,281.0686,279.67456,279.01938,279.60507,279.86346,278.91925,280.06287,279.92688,279.94525,280.5582,282.2374,280.0025,278.06033,278.4632,278.48193
531,1894-04-16,280.92725,281.9098,280.29843,282.32428,283.15915,281.8524,283.2842,280.09174,283.19577,281.52197,282.39142,281.8163,281.41483,281.08936,281.7526,283.6598,281.6528,280.53986,281.9875,279.03714,280.0406,284.09296,280.71967,280.0397,281.26825,282.34717,281.15143,279.37573,280.8259,281.6499
532,1894-05-16,283.46854,284.7413,281.78085,284.211,285.49234,283.97562,285.2842,284.09952,283.4067,283.719,283.2053,285.51312,282.87714,283.07962,283.35815,284.6538,283.7828,284.2091,285.26755,283.5649,282.90878,285.55057,283.48224,284.5452,281.8933,285.49286,281.9274,283.436,283.7221,283.34604
533,1894-06-16,286.18353,288.04163,288.1905,286.4714,288.59384,286.63287,286.62167,287.36212,285.39212,286.7196,287.93307,287.60687,287.42404,286.25146,285.89066,287.62622,286.60992,287.15106,287.7056,287.5417,287.72128,287.78656,285.19913,287.89963,286.461,287.3387,286.01807,288.49738,287.22018,287.6993
534,1894-07-16,289.68643,286.6868,287.3737,287.23837,291.5271,288.67453,287.90515,287.46625,288.6893,287.5229,287.69574,288.7427,288.92877,288.04877,286.897,288.06134,288.03683,289.81854,289.64725,288.34155,287.4668,289.36487,288.55566,289.09305,288.51294,289.6181,287.4484,289.28827,287.7675,287.852
535,1894-08-16,287.95377,288.4548,288.6873,288.74585,289.0804,289.2116,288.24622,288.69336,288.52927,288.15735,289.61462,288.33975,289.2731,288.34622,287.12085,287.25037,288.35648,290.27374,290.1582,290.26776,288.32703,289.49484,288.1362,288.79272,287.26468,290.6865,288.49786,289.78925,291.52396,287.4064
536,1894-09-16,286.36456,288.55017,288.28073,287.3594,286.9239,287.2549,288.10687,286.35,288.24924,285.63257,287.26382,285.8118,288.20914,285.88425,285.7807,287.03647,286.3074,288.6941,287.54813,288.97922,286.75296,286.58218,288.14832,286.22818,286.28354,289.00372,288.51413,287.31747,288.41666,286.1093
537,1894-10-16,282.36133,284.20078,285.04327,284.06897,285.4406,284.5362,284.5029,283.861,284.20038,283.60406,284.82336,283.64194,286.53284,285.42297,284.6852,285.13162,284.29205,283.28168,284.34198,286.11063,284.35223,285.1035,284.38013,284.93036,285.17633,286.00607,285.39005,285.7711,284.7597,283.4486
538,1894-11-16,280.92084,281.2567,282.49152,282.42944,278.29507,279.80588,281.53708,281.64172,283.0514,281.2478,282.688,281.73923,280.84183,279.3309,281.62112,282.84167,281.3889,283.03906,278.7785,280.72382,283.5679,280.7539,281.7727,282.12143,281.8521,283.9503,281.1031,281.4922,283.16165,281.80518
539,1894-12-16,277.7691,278.72208,280.5586,280.56735,278.96405,278.8154,280.97794,282.3515,279.32358,279.49417,277.43033,280.28186,279.53482,279.05054,278.82886,280.0077,279.30356,278.46298,279.93652,280.6539,278.99997,277.06284,280.87646,281.60312,281.42664,282.33096,279.4874,280.80457,280.28793,278.48993
540,1895-01-16,279.32877,280.15543,279.75513,277.24686,275.55728,279.17017,279.59125,280.7505,281.1359,278.67392,278.69226,278.9489,278.0143,278.35468,276.87164,278.84216,280.02948,276.98087,279.07187,280.4999,278.31668,278.62003,279.5349,280.25534,277.97052,280.09195,278.16818,280.51962,279.0017,278.26288
541,1895-02-15,279.18442,280.29407,277.8445,278.9198,276.91718,279.6095,280.6057,280.39096,281.0245,279.40854,278.84683,278.90826,281.78363,278.92624,279.52286,279.88174,275.686,278.72693,279.13544,280.6349,276.73416,279.05872,279.51227,277.771,280.98074,277.79428,280.70612,279.41037,280.44104,276.08624
542,1895-03-16,279.52017,279.55658,279.10797,279.2301,278.08957,278.17197,279.4428,280.69037,280.43616,274.3339,280.9605,281.62094,279.8163,279.70245,280.81464,279.6069,277.25583,280.00446,278.9396,282.42596,279.09427,279.7629,277.9981,278.5629,282.80203,279.01657,280.29352,279.61377,280.528,280.12097
543,1895-04-16,282.5374,282.2026,282.39093,281.4402,283.3409,282.1234,282.48123,281.7661,282.94275,280.8808,280.98984,279.6742,281.73065,281.1012,282.93875,280.87747,281.18552,282.41507,278.47433,281.24658,282.02893,282.50592,279.7264,281.28186,283.56503,278.5553,281.08313,282.09583,282.86072,281.05594
544,1895-05-16,284.18445,284.10602,286.92505,284.12698,283.23065,284.50446,287.00732,283.58463,285.31207,284.3412,284.66318,281.40024,282.5432,283.51358,285.0423,283.13666,283.18222,286.80798,284.0321,286.77155,286.35278,281.2012,283.3757,283.0154,284.5766,282.12604,284.4528,284.4758,283.89572,284.08557
545,1895-06-16,287.16098,286.78195,287.7975,288.2258,286.02206,287.89026,287.90814,290.01083,288.57217,287.08813,285.71298,285.55914,287.16782,286.6977,287.90982,285.9541,287.47513,287.80447,287.13586,286.20685,286.75677,286.86603,286.53937,285.69022,289.24353,283.95956,288.3992,284.97372,286.87384,286.88892
546,1895-07-16,287.19098,288.7217,287.68152,288.39926,287.80222,288.1813,287.11896,290.98196,290.81744,288.15216,289.37952,287.06012,290.25598,287.4796,288.26566,288.45248,287.74484,289.33405,286.97574,288.06125,288.64377,286.6253,288.31937,288.7756,287.23605,288.07507,288.00705,289.0482,287.52072,287.3045
547,1895-08-16,288.4295,288.39005,287.8723,289.50864,287.84088,288.60223,287.9194,288.40067,289.35922,287.21713,288.49924,286.85962,287.87228,287.87576,288.94388,287.73495,289.06476,288.07782,287.38672,289.11475,288.1378,288.9483,289.33554,289.34842,288.37234,287.40225,287.04767,287.57492,289.16666,288.61346
548,1895-09-16,287.00253,287.50272,287.65494,287.04016,287.6164,286.50177,287.5359,287.26886,288.36472,287.6952,288.37228,286.43622,287.3844,286.06345,286.75336,286.69614,286.73846,286.62387,288.40796,287.23557,286.7824,288.40714,286.69608,288.51205,287.10336,285.9775,286.76535,286.9983,286.11838,286.88773
549,1895-10-16,284.1371,285.96255,284.83615,281.6146,284.29846,285.9887,283.51855,286.12103,284.23294,285.0047,284.97125,284.64462,285.23138,285.8334,283.01706,284.68216,285.0096,283.7797,284.51346,283.07523,284.2207,284.7177,283.77005,284.22513,284.91705,284.77304,284.82846,282.4074,283.5987,284.89423
550,1895-11-16,279.98022,281.20325,281.78317,281.4903,281.95444,281.44696,281.70065,280.79242,281.62488,284.04092,280.5018,278.67734,283.00455,281.5436,281.43314,279.80777,280.39096,281.67627,282.427,283.4206,281.73856,280.62238,281.7942,280.61694,283.03632,282.81207,282.11063,282.7901,282.9277,281.0668
551,1895-12-16,274.57727,280.50558,281.30698,280.36218,280.41595,281.04584,280.21164,280.42194,277.6607,281.42215,278.83456,280.36786,281.00256,282.29953,276.90378,280.68814,280.74808,280.643,279.4244,281.32785,280.72263,279.71298,280.6587,279.6879,279.7516,281.82504,279.90506,278.09174,279.64398,279.034
552,1896-01-16,279.9141,278.63644,280.4898,280.43353,277.19464,280.78775,280.99225,281.03305,278.6788,276.39423,279.82208,276.29214,277.57684,279.01712,277.6205,278.94257,279.38736,280.18286,279.77405,279.24182,279.78827,278.51932,281.76163,278.65536,275.62946,278.23093,278.35385,278.19415,279.5336,277.80722
553,1896-02-15,278.41452,282.3882,277.04272,278.192,278.275,280.9814,278.50943,278.96738,277.68845,278.31125,277.82825,280.09027,278.218,278.9945,279.5307,281.14078,279.88208,279.55356,278.5905,278.25732,278.9191,281.5262,278.31284,279.71167,277.58887,279.2534,277.8755,278.06427,279.9053,278.03418
554,1896-03-16,279.84964,280.8339,279.44708,278.02258,280.43686,281.85367,280.49252,279.5037,279.6839,277.65347,276.18408,280.81915,280.1384,278.73346,280.14554,281.04282,280.48987,281.27658,281.029,279.0353,280.71313,281.75687,279.74884,280.75278,279.10925,279.4319,276.8969,276.6857,280.44412,281.56958
555,1896-04-16,280.23785,281.689,280.58633,281.55615,281.7314,281.6516,281.53217,283.29477,282.12634,281.28915,279.7849,283.45905,281.55798,280.98837,282.10095,280.3243,282.46927,283.10437,280.0902,280.53534,283.44806,282.65024,282.49216,280.25427,282.33197,280.70096,281.2257,281.8457,281.19376,283.2615
556,1896-05-16,282.2868,285.14807,284.11618,283.41614,283.3782,284.44638,284.56274,284.4915,284.14606,283.06058,283.74777,283.60147,287.15897,283.04013,285.49435,283.23895,286.21753,285.61758,285.373,284.29648,282.99493,285.0232,284.7733,285.31604,283.86554,283.6519,283.1405,284.26346,282.4688,284.36862
557,1896-06-16,287.35474,287.9491,285.83728,285.74445,285.37073,287.26025,286.66663,287.09763,286.90686,285.9195,285.39084,286.7884,287.64288,287.0815,289.0928,286.6295,286.6768,287.11646,287.1891,287.24957,288.51376,288.68195,288.37247,287.79373,286.949,287.29175,287.3117,287.3958,287.95,285.86182
558,1896-07-16,288.27612,289.28333,287.53528,289.70218,286.75586,289.0057,288.47125,287.7685,289.49182,289.03183,288.86804,287.63162,290.03256,287.83298,291.32492,290.19653,287.38553,288.26498,287.34634,289.4165,289.31656,288.11987,286.7824,289.23468,288.92783,288.43048,288.6595,286.37265,287.95944,288.44116
559,1896-08-16,288.3701,288.8378,289.09695,289.88766,287.7837,287.4693,289.51367,287.68817,289.02097,290.3408,288.8566,288.4473,290.31754,288.3846,289.24664,289.37848,288.24472,290.27496,289.3789,288.23532,289.66217,288.67038,287.8144,289.83102,288.60196,289.45645,287.4163,287.55774,289.5648,288.55316
560,1896-09-16,286.7914,287.0052,287.43488,288.6986,288.02866,285.90857,286.53336,286.74054,287.49875,287.5633,286.5915,287.44492,288.00598,286.91476,286.58508,286.54843,286.75037,288.05087,287.75772,286.84122,287.33694,287.3149,287.28143,288.48785,286.2328,288.04657,285.3411,286.8295,288.55505,288.1551
561,1896-10-16,284.59152,284.5568,284.58963,284.87152,285.38626,284.67957,282.59552,284.24893,283.0418,284.0151,281.59857,284.67468,286.0145,284.33105,285.0567,286.23123,286.6794,284.5138,284.745,284.11844,284.77298,283.64938,285.26215,285.2936,283.32416,284.55933,282.7026,284.7175,285.3373,284.69687
562,1896-11-16,281.16855,282.11996,279.74933,281.71317,281.83328,282.24802,279.96606,282.66583,279.214,279.22522,279.09384,281.83395,281.18518,283.40723,282.1146,282.9298,282.16733,282.72235,283.37866,280.77762,280.45142,282.11862,281.29828,284.17245,281.05215,282.6789,281.74368,283.52878,282.33997,281.30356
563,1896-12-16,277.03714,277.83383,280.77097,280.03958,278.18588,280.20578,280.34818,282.38763,280.60043,278.119,279.611,278.8156,279.23862,281.05026,279.0491,280.7264,279.69366,279.77756,278.68246,279.26807,279.2016,279.8391,280.72818,280.06488,281.39844,281.8603,280.74893,281.83896,279.56198,278.91272
564,1897-01-16,275.6849,278.77356,279.50314,280.77252,278.84656,279.0871,280.29114,280.28085,277.87964,279.95474,278.6591,278.62628,278.57965,279.9618,277.191,279.6379,280.64575,279.68054,279.80786,278.7055,279.87454,279.76172,280.67093,276.01013,278.52682,280.77762,279.206,280.12268,280.73636,279.68735
565,1897-02-15,277.42642,277.45117,279.7514,277.8663,278.40976,280.13327,279.64853,282.08078,278.40326,280.7149,279.76886,276.64893,278.35266,278.06445,275.95477,279.9581,277.32034,279.9371,279.12057,279.92984,279.03818,280.2939,280.30066,277.7946,278.36752,278.8679,274.77536,279.63925,278.57303,278.47223
566,1897-03-16,278.14908,281.2057,280.29013,280.3617,280.48172,278.28934,278.9977,281.3216,279.12714,280.73145,277.81415,278.9752,276.98087,279.87537,280.55258,280.59802,274.8819,280.10907,278.22162,281.43106,279.60162,281.27606,281.45593,278.8132,279.02985,279.868,280.07278,280.54352,280.02597,279.9576
567,1897-04-16,280.88165,282.45016,281.86066,281.50095,283.62082,279.89148,281.75143,282.899,280.5984,280.5622,280.5467,281.79163,283.5652,281.37955,281.97495,282.72958,279.2141,279.94003,281.18915,282.52042,280.71713,281.28326,282.62012,279.1756,281.67154,281.49908,281.93286,282.506,282.4352,283.16687
568,1897-05-16,282.7939,287.03754,284.64633,282.54065,284.30453,282.32468,283.9628,285.55518,284.7091,284.8163,284.45468,283.85526,283.74393,284.08426,284.17163,286.85345,283.55322,284.50864,283.0757,285.4332,283.08063,284.8537,285.0036,282.29,283.09555,283.64847,282.8235,283.3895,287.68512,285.5825
569,1897-06-16,287.32532,288.7094,288.12387,286.54776,288.22354,285.3196,287.5576,287.08493,286.56378,287.51093,286.01505,286.61548,285.52527,285.03006,286.38135,288.01263,284.588,288.6036,288.8204,287.18372,285.97177,288.08084,286.60593,287.4132,288.83136,286.85693,287.9502,288.80035,286.7834,286.77737
570,1897-07-16,287.29507,290.71573,287.92578,288.12088,286.9072,287.49905,289.11987,288.05356,289.89752,286.75717,287.48932,286.7054,287.57617,288.76743,288.6985,289.4091,287.3031,288.6519,289.64728,288.99222,287.91446,288.82,288.2938,288.35767,290.50726,288.6722,289.01862,288.0044,290.21588,287.94107
571,1897-08-16,288.63626,289.15332,287.65314,287.90384,287.46243,288.0796,288.6268,287.8723,287.79907,287.33957,288.78232,288.19235,289.50897,287.8917,289.39005,288.64896,290.06522,288.33572,289.14648,288.77518,287.67706,288.56708,286.76004,288.6377,290.882,288.07034,289.8619,287.9733,289.7253,287.92926
572,1897-09-16,287.49152,286.58997,286.81567,288.19687,286.3827,287.42383,286.962,286.51315,285.95795,287.21747,285.78653,286.0937,287.21408,287.17825,287.10178,288.07797,288.43347,287.0305,286.97116,285.6529,285.32526,287.29944,287.60193,288.08704,288.88925,286.3526,286.9698,285.80792,285.45227,286.96292
573,1897-10-16,283.6659,284.9082,284.85333,283.68066,284.44263,285.31604,284.42322,284.26913,285.0363,284.64117,283.79977,282.7787,285.46704,284.4937,285.96786,284.20093,285.9524,284.04984,284.34845,284.96765,284.15585,285.5202,284.1182,285.98886,286.58936,284.47113,283.16766,285.341,284.94913,285.76154
574,1897-11-16,280.64032,284.30795,283.73517,281.2551,282.01486,282.74496,280.55856,283.00485,280.28772,282.59186,282.0382,279.17715,283.4068,282.83517,283.09494,282.54932,281.2586,280.66486,282.33044,281.67792,281.65778,281.81433,282.05743,282.6282,282.86276,280.27106,281.13303,282.37033,279.99457,281.87085
575,1897-12-16,278.9845,280.80066,280.63895,281.19836,279.43393,275.25592,279.443,281.63687,280.45026,279.80124,277.93475,277.08032,280.04178,280.3555,280.728,279.68237,281.23608,281.08612,279.70093,277.763,279.95587,281.17056,278.92502,280.11334,281.67957,277.28992,280.9849,279.82565,278.61276,281.82477
576,1898-01-16,279.13718,281.5872,278.5544,280.6435,276.75244,276.03723,279.78195,279.61282,278.09537,281.3627,275.1745,279.96173,277.86356,279.955,280.4977,281.39948,278.82748,279.3357,278.4243,276.5625,279.19885,279.3401,279.39706,279.76956,278.6619,276.1361,280.16675,280.6697,278.30225,280.45752
577,1898-02-15,279.72736,279.54144,276.8068,279.54617,277.52597,278.64755,278.19757,276.88977,279.46332,278.37573,277.49606,280.03766,274.9943,281.27396,278.5347,278.41867,278.77264,279.55865,280.84808,278.0279,276.70398,280.27408,278.03436,280.9279,280.31308,277.66693,279.2175,280.03732,277.40115,276.5552
578,1898-03-16,278.21997,280.4347,279.87518,280.3276,281.48502,281.04037,278.2726,280.11676,278.96906,282.19632,280.40256,280.1367,277.51645,281.18262,282.08035,279.0335,281.00168,280.1677,280.18152,278.58176,278.14008,280.9912,280.34293,280.60098,280.11456,278.4829,280.4109,279.6233,279.39932,276.7986
579,1898-04-16,281.93112,282.07486,280.45682,284.56122,284.08334,282.467,282.31644,280.57956,282.65616,280.7475,280.58264,279.56262,280.8934,281.23483,282.29214,281.48215,280.6772,283.09454,280.91324,281.99554,280.25046,282.58807,280.01086,282.76572,281.85114,279.38776,282.38766,281.77368,280.6213,282.25912
580,1898-05-16,283.3902,285.41992,283.35742,285.36642,285.18808,284.2584,283.0661,285.00296,283.39392,283.1697,282.18472,285.32193,282.1814,283.26938,287.24548,282.9155,285.10995,281.73224,283.53705,283.6738,285.30618,284.29056,284.39746,285.24567,285.04855,283.08786,284.58835,283.81775,284.50864,284.69717
581,1898-06-16,285.68933,286.56158,288.4213,288.7528,286.55667,289.74252,286.8952,289.0283,288.1705,287.25992,287.2207,287.41058,285.54092,287.5158,287.1573,287.85254,287.88846,287.66782,286.34653,288.1688,288.62344,288.8374,288.7444,288.5687,287.27567,285.30862,288.34323,287.12933,288.53024,287.45898
582,1898-07-16,288.9756,287.8613,287.97998,290.1747,288.08612,287.8439,288.39148,290.1047,288.16568,289.12534,287.68518,287.32666,288.72,288.6998,288.27292,289.54776,289.60718,288.74985,287.94864,287.63303,288.8184,289.28577,288.7374,288.7261,289.24045,290.28668,289.17307,289.19232,287.8724,287.8474
583,1898-08-16,290.11115,288.75964,289.36707,290.00845,287.53033,288.17014,288.7049,290.2256,289.71356,289.94815,288.38034,287.53018,288.76608,288.3116,288.90073,289.43118,291.49152,287.23676,289.16797,290.39737,291.2306,287.9345,287.56525,288.5421,288.28207,288.45737,289.4734,287.6967,288.55,288.12836
584,1898-09-16,287.7734,286.7721,287.32117,287.76505,285.9154,287.7304,287.28638,288.69626,287.8828,286.6385,288.19598,287.02252,286.92072,287.7958,287.7471,288.64767,287.5431,285.34863,288.64514,287.34485,288.05478,287.61337,287.4995,287.22235,288.2416,286.63522,288.90933,286.20258,287.76514,287.6394
585,1898-10-16,285.20782,283.7091,283.2463,283.73804,284.66058,283.80826,283.2053,285.795,286.53394,283.83188,285.7031,284.71698,283.86218,285.81836,285.24008,285.2057,285.5592,284.1731,283.41687,283.45944,283.92987,285.0152,286.17694,285.4096,284.77353,284.57883,285.9017,284.89355,284.4348,284.57477
586,1898-11-16,281.58972,281.0434,281.7344,283.05466,282.942,281.67105,283.59998,281.96735,282.33234,281.28384,281.71356,282.13748,281.86548,281.30304,280.85095,282.59113,279.63882,281.24188,283.58618,282.59442,281.9985,281.15454,280.69586,281.97766,280.3048,280.89868,281.81058,279.8602,281.86536,280.43222
587,1898-12-16,282.09558,278.79675,280.36752,279.5069,281.3145,280.03555,280.23535,280.94775,281.3576,280.43332,279.09723,280.06427,280.2311,279.0922,281.0686,276.58743,280.9362,279.22012,281.00415,280.15762,280.08652,279.70706,275.74713,280.3698,279.21167,281.29828,281.26843,278.27737,282.02393,278.22687
588,1899-01-16,279.61072,279.7707,280.12576,280.02002,276.52878,279.56406,277.03076,280.67636,278.21863,277.7648,280.1134,278.9872,277.7651,277.56345,278.19235,277.9607,275.8463,275.6658,279.60477,280.39218,279.3032,278.31985,277.75122,277.0583,280.6835,279.74362,280.54935,278.52292,281.4458,277.14294
589,1899-02-15,276.50348,278.9151,278.00638,281.51392,279.6435,279.9493,280.0416,282.46353,275.9188,280.57812,277.6138,277.3931,280.06354,279.4566,278.92468,277.27615,274.69315,278.46945,281.0249,276.71512,280.9404,278.52124,279.3253,278.572,279.29846,278.70004,278.52203,279.3497,279.26868,278.18915
590,1899-03-16,279.65448,281.2008,276.2664,281.68167,280.6171,281.64853,280.50095,280.83505,278.7864,278.65823,279.8378,279.8194,280.3938,280.91452,280.9916,275.11475,277.90897,278.49435,282.40924,280.4029,280.66147,279.72467,280.89777,280.4914,279.8873,279.50928,279.91562,280.25052,282.17502,280.7189
591,1899-04-16,282.46112,281.30893,281.89087,283.29425,281.74368,281.78476,282.10828,282.16733,282.853,280.98047,282.39355,281.73734,279.7821,282.5839,282.68832,278.77277,280.02814,279.30704,282.33524,280.51648,281.18375,283.17975,280.9498,280.45026,281.58987,282.01544,283.2385,279.98056,281.4249,282.77237
592,1899-05-16,284.95947,285.2424,285.132,284.2524,283.45312,283.50372,285.39734,283.65588,284.60938,284.3736,283.9736,282.67056,284.31598,283.61612,285.1788,283.856,282.77307,283.08994,284.68945,285.07126,285.09714,283.1305,285.7779,284.3467,285.73273,285.04163,284.03897,284.06747,285.87555,284.40378
593,1899-06-16,286.33157,287.84372,287.97052,285.70438,286.75064,285.916,286.48343,287.1644,286.85,287.70187,287.2394,287.04733,287.81088,285.74182,288.004,287.16748,285.947,288.31403,286.76685,289.6768,286.90372,285.3463,287.96317,287.80008,289.09717,287.24594,287.66727,287.361,289.99054,287.3633
594,1899-07-16,288.9463,288.05008,287.88443,287.97488,287.62274,287.77054,288.10022,288.6001,287.3532,288.934,288.16617,287.2338,289.22815,287.93198,289.9296,286.28812,288.29318,288.865,288.18256,287.45572,287.56158,287.88818,288.7082,288.7614,289.06717,288.50125,288.3115,289.2129,290.63657,289.28827
595,1899-08-16,289.26666,289.1007,289.12723,288.99298,288.79578,287.82675,289.90445,289.2077,288.27487,290.7787,288.17462,288.37393,291.12933,288.98257,288.92804,287.94107,289.44376,287.89624,287.63864,288.1229,286.77005,290.01245,290.13727,288.26987,288.9816,290.0708,288.11636,288.86057,290.6882,287.79016
596,1899-09-16,286.21756,287.98172,286.99615,286.80768,288.66348,287.84442,288.0995,289.02643,287.1508,287.43878,288.16013,287.86337,288.9701,286.70398,288.12354,287.44946,287.43768,286.87805,285.49026,286.04337,286.3575,287.79178,287.26038,289.39435,288.70435,288.2492,287.7053,288.25873,287.84814,286.1376
597,1899-10-16,285.7478,285.1356,283.98648,285.27826,285.488,284.99454,285.62973,284.39297,283.57037,283.71854,284.57755,283.5007,286.12164,282.34036,282.94907,283.69995,284.52002,285.8609,283.77866,285.3586,283.7868,284.91403,282.5682,282.27368,283.69794,284.94064,283.94284,285.57895,284.9811,282.75763
598,1899-11-16,281.98428,282.4535,281.41345,281.45947,280.42316,280.24084,283.12405,283.76233,281.44278,281.2371,282.22864,281.34482,281.6251,281.29752,282.3018,280.10733,282.72516,281.93027,281.8736,282.93964,281.70642,279.2822,278.09573,281.0525,280.63562,283.74484,280.7174,281.05713,281.24066,280.5336
599,1899-12-16,276.93054,281.014,280.6556,279.2526,277.72134,280.046,279.0812,278.69354,277.9771,281.37442,281.91223,280.61038,282.5528,279.39395,280.04858,280.86127,282.09634,279.6983,278.76343,280.10776,280.08463,281.24097,278.62244,279.9388,279.72186,281.10855,280.51736,279.95056,281.50916,278.9157
600,1900-01-16,278.587,280.15115,281.60275,278.4181,278.8198,278.9029,278.76904,281.1713,279.4856,278.04575,279.3526,280.19846,277.7549,278.0868,281.42203,277.17917,282.7916,277.9893,279.34433,277.93204,278.42264,277.6037,275.5687,281.02826,278.21405,277.39053,277.629,278.31494,280.85052,277.82208
601,1900-02-15,279.32382,275.12286,280.11902,276.51575,279.45486,278.8559,281.23944,281.1028,279.2158,276.9955,279.5401,279.93158,278.3901,278.24515,279.46387,276.5683,280.77747,277.97324,278.79538,279.57675,278.8619,279.73804,276.44147,279.99002,278.80783,279.41006,278.28632,280.04108,280.7045,276.56555
602,1900-03-16,280.0637,278.11346,280.4266,277.48596,280.84192,281.2339,279.60092,282.0129,280.65445,280.49826,280.66275,280.91318,280.86053,280.16278,279.91113,279.21408,279.2506,280.22556,280.35297,279.69742,280.46265,280.5697,278.90408,278.71115,279.53204,278.8181,280.5825,280.23062,280.00012,279.13687
603,1900-04-16,281.81332,278.85114,281.67435,281.97266,281.17236,282.23126,282.86725,281.4222,282.2702,281.26505,279.5206,282.25922,281.25275,283.19086,281.46863,282.11548,282.45,281.2501,281.40134,281.78494,279.86182,280.8594,280.67328,279.61108,280.82602,281.21573,283.37952,280.24225,282.99884,282.05994
604,1900-05-16,283.2754,282.67575,283.3014,286.406,283.82233,282.5401,285.87988,284.77267,283.4507,282.39194,283.8207,282.9585,284.18515,286.2128,283.5739,285.46664,284.0653,283.67502,283.87274,282.83948,284.92966,284.23666,283.81726,283.154,283.76663,283.97095,283.56104,284.9863,284.31445,283.96353
605,1900-06-16,287.30347,288.0699,288.73477,288.41306,287.5073,289.00385,286.53406,286.51,287.3927,286.0932,286.04456,288.05774,287.40857,286.92584,288.28357,286.2414,288.28345,287.4658,285.77115,287.09024,287.68884,287.88843,286.79694,286.9007,285.85635,287.39365,286.133,288.4471,286.74423,288.0419
606,1900-07-16,288.0047,288.33517,287.62833,288.48425,289.79535,290.10745,288.80283,288.51657,287.75366,286.92468,288.97183,288.3483,288.5536,288.52423,289.10547,291.2485,290.22568,288.96823,286.341,288.14847,289.0062,288.04672,289.51215,289.05038,288.73105,287.21112,289.6888,288.40182,288.4128,289.25272
607,1900-08-16,288.76395,287.94522,288.9192,289.7024,289.17038,288.51346,289.01352,289.58124,289.08783,289.0104,289.09998,288.82425,289.74478,287.16367,288.5551,289.49747,288.74368,289.16153,286.54956,288.9094,289.07993,289.7229,290.30435,288.4966,287.56204,289.5988,290.2895,287.556,290.2597,289.35806
608,1900-09-16,288.03387,286.38876,286.95392,286.4635,287.9345,287.22867,287.7424,287.67023,287.5296,287.24573,289.90112,287.25174,288.94907,286.8848,286.82922,286.774,287.8847,288.59323,286.09912,286.37308,286.8401,287.19632,289.09735,287.33926,287.63394,288.1144,287.02075,287.12372,288.30743,287.38068
609,1900-10-16,283.87936,284.67236,284.5067,284.7958,285.46234,283.755,284.64276,283.46042,283.85507,284.0077,284.19632,285.6974,284.04614,285.45813,285.47073,285.3362,283.97455,283.1301,284.68933,283.8228,284.07428,285.29764,284.87808,285.49728,285.7091,283.04205,283.4724,285.1869,284.74652,284.03897
610,1900-11-16,282.41208,281.4752,281.3676,280.8378,282.92484,280.31772,283.53998,279.79077,281.85696,283.57996,280.71365,280.1089,283.4822,282.74146,278.37314,282.0804,282.5274,279.50162,282.19705,279.29733,281.3199,283.30685,281.63055,281.74014,282.5428,281.766,281.30588,280.8948,282.5379,280.4433
611,1900-12-16,278.63358,277.42258,278.86465,281.52325,280.62207,278.97034,279.19928,277.77478,280.54962,282.34158,276.453,279.47577,279.14847,280.00183,278.02136,281.19992,279.2094,279.3241,280.6014,278.61798,280.54602,280.38724,279.22217,278.50488,279.72626,279.65594,280.83026,279.43234,277.68753,278.75766
612,1901-01-16,278.3086,278.37927,275.26935,278.90784,279.44254,278.54904,278.79114,280.15268,280.98325,280.20718,277.35553,279.3687,278.49753,277.8313,277.2275,279.22864,280.90588,277.4795,278.2766,278.479,279.28522,280.11627,277.603,277.46597,279.36115,279.59882,275.01184,279.87622,279.25735,279.05533
613,1901-02-15,279.33606,278.8248,276.4087,276.72403,278.74207,278.42502,278.147,279.97238,277.70752,280.7261,279.8204,278.67447,280.24164,275.0795,280.84116,275.2016,280.06488,279.47424,276.16107,277.41068,278.81866,277.41858,279.15982,280.40335,276.22528,280.68527,277.52686,279.7212,278.71484,279.74014
614,1901-03-16,280.63223,280.9041,278.58527,278.7217,280.12836,279.17926,277.99417,282.13132,280.25888,281.68924,281.5325,280.0856,280.14365,278.58688,279.07684,278.72345,280.19855,280.09668,280.85275,279.4867,278.28638,279.25937,280.22766,279.9773,277.44858,280.54297,280.42862,275.75528,278.2741,279.73495
615,1901-04-16,280.4118,281.29953,281.31915,281.22705,279.7874,279.10004,281.83963,281.5911,281.35678,280.82462,280.96844,280.4042,283.25778,280.77017,280.8747,281.7158,282.3099,281.27774,280.54248,282.4501,282.2737,282.47623,281.06476,281.4846,279.58347,281.82526,281.97195,281.53787,281.16284,282.4284
616,1901-05-16,281.69687,283.7439,282.48706,282.72006,281.6981,285.14584,283.69907,283.00906,283.54108,284.02896,284.10938,283.8972,283.55,282.57358,285.76144,285.10626,285.33197,284.5768,284.5161,286.8408,284.4073,283.67374,283.89313,283.4378,282.76126,282.12744,285.2279,282.7882,284.71878,283.88666
617,1901-06-16,286.5078,286.88998,287.79266,284.9749,286.73944,288.5545,288.41602,288.82986,287.97794,286.42792,288.0406,285.05252,286.6286,288.49207,286.90866,285.75778,288.0143,286.95206,286.33347,287.1116,285.80725,286.75516,286.0224,286.19055,286.72598,285.50555,287.22406,286.0989,287.73096,286.50287
618,1901-07-16,286.50247,288.982,290.38684,288.53412,287.73026,290.21307,288.91476,288.72974,288.5637,288.35886,289.19092,288.06342,288.73788,287.08438,288.40527,290.09683,288.81512,288.1371,286.84903,287.96274,287.95197,287.57898,287.08154,289.24777,287.077,286.80807,288.88516,287.59634,289.38712,286.47784
619,1901-08-16,286.64386,288.0262,288.30914,287.30612,287.32056,289.1567,288.06525,288.75732,287.98694,287.22833,288.54004,289.24792,288.44122,289.54785,289.47647,288.92984,289.6499,288.20517,287.16626,287.4632,289.38632,289.4588,287.75327,287.82047,288.72122,288.59143,289.94507,288.5497,289.14807,287.79938
620,1901-09-16,287.24628,286.63858,287.6706,287.51337,287.1013,286.6726,287.50812,287.1368,286.57565,286.58148,285.9883,288.75827,288.3268,288.28012,287.17514,287.67636,288.26862,287.44867,286.99008,287.25208,288.09677,287.8177,287.18213,288.56143,288.0701,287.29233,287.8184,286.54816,287.56647,286.85657
621,1901-10-16,286.27444,285.02386,284.16296,285.75055,285.40622,284.2437,285.54916,285.32214,284.71375,285.1975,285.11823,284.59875,283.76016,283.82538,285.84268,284.7366,284.5503,285.4507,283.03018,285.30554,283.81317,283.38626,285.55667,284.03604,286.53632,284.69022,284.7185,284.29,284.63474,286.56158
622,1901-11-16,281.89548,281.20926,282.40326,282.50284,282.3814,282.1689,281.67242,281.87967,281.9825,281.7211,282.4918,282.7126,280.3932,279.7197,281.7793,282.2092,284.07465,281.5952,283.28885,282.37485,283.9833,279.3036,280.55844,281.9535,283.4747,280.54987,281.44458,280.06018,282.22443,283.99466
623,1901-12-16,278.6457,280.77707,279.24536,278.53046,280.349,277.9552,282.00513,280.9987,279.43753,278.1782,278.93378,279.43408,278.80807,278.51068,279.1429,280.6486,278.67017,280.271,276.9,278.5266,280.44278,278.87146,279.3613,280.8536,280.0119,280.70886,280.89423,280.1367,278.7413,281.60733
624,1902-01-16,279.13428,279.25983,277.3189,275.7406,279.34308,276.0422,279.35156,278.79517,279.06235,276.9294,278.63068,277.63397,277.7072,275.87125,277.93152,279.66962,279.752,279.9379,278.3846,277.0988,279.8702,277.91296,278.52118,279.32883,280.9442,278.5965,277.16068,281.0835,279.72372,279.37164
625,1902-02-15,278.70715,279.28406,280.34256,279.71912,280.73892,276.27405,280.94897,278.43164,277.72083,279.16986,275.44824,280.23257,278.23718,279.6683,274.5259,280.1455,279.56616,279.8946,279.7863,275.3321,280.34305,280.48218,278.9303,280.04712,276.16605,277.11243,280.5421,281.3968,278.5523,278.6446
626,1902-03-16,279.91928,282.20535,279.52762,280.69315,281.4784,277.00934,278.44064,278.81067,280.51666,281.73532,277.49258,278.53345,277.83972,278.66568,279.8984,280.98618,277.73953,278.93976,279.83282,279.2474,281.1086,280.28418,281.12854,280.35315,279.70563,276.87003,276.83698,280.71622,280.4686,279.11835
627,1902-04-16,282.52533,281.90155,281.99252,281.03772,281.9026,281.2991,281.70453,281.9044,281.8128,281.8911,279.6686,281.39133,279.98083,280.28314,281.61465,281.8824,279.50653,282.0837,279.53146,283.60486,281.34555,281.2814,281.48752,280.28906,280.84637,279.84412,281.4505,283.33072,280.52158,280.12363
628,1902-05-16,286.62558,284.1218,283.6405,284.4585,284.01578,283.02396,283.4705,283.5029,285.12344,284.20288,284.3107,283.27814,283.83774,282.3077,284.77573,285.3037,284.6711,283.54965,282.5252,283.27753,284.6256,284.4048,282.235,284.02875,283.07037,284.06857,283.05347,283.54276,283.5909,282.022
629,1902-06-16,288.32574,284.85535,287.42953,287.90094,288.76273,287.4148,287.60535,286.94318,286.0799,287.91534,287.34085,285.7553,288.05325,287.2252,286.74893,288.30957,285.7255,287.4893,286.3841,286.48007,286.83798,287.99542,287.29712,287.25076,286.91586,286.84695,287.61526,287.08383,287.2916,285.24146
630,1902-07-16,288.65677,287.5353,288.4508,288.63806,288.74313,287.00668,288.8862,288.55527,287.31525,287.48956,287.237,287.89807,291.2023,288.6021,288.70142,289.71158,287.82037,286.98285,290.7751,288.6039,290.191,288.56754,289.75522,288.81177,288.34512,287.819,288.20105,288.71695,288.41995,288.27466
631,1902-08-16,288.47815,287.76627,288.61996,289.73138,287.48013,289.26108,289.35736,288.42218,288.82153,288.68784,286.424,287.91415,288.24887,287.23624,289.37076,288.74866,287.538,286.2828,287.69482,288.27896,287.8713,288.7793,289.983,288.66785,289.31253,287.72552,288.25815,288.77512,288.3241,289.39407
632,1902-09-16,287.3098,287.02322,287.51556,286.6906,286.96597,287.07962,288.55673,287.68558,287.22464,287.9649,286.01587,287.25092,288.2685,286.29956,286.37192,287.24472,287.60303,286.71896,286.89514,285.63373,286.4208,287.96005,288.92755,287.99664,287.53525,285.86163,288.72604,286.8849,288.75146,287.34732
633,1902-10-16,285.29153,284.35928,285.11676,284.5774,283.71832,285.40347,286.3335,285.38696,283.26144,285.856,283.66736,285.5983,285.20428,286.05725,284.92676,283.54874,285.1301,282.91373,285.27866,283.56842,285.44775,285.4169,285.523,283.83218,282.45193,283.71454,282.49417,285.70667,285.10126,285.4144
634,1902-11-16,282.4865,282.16055,283.08734,282.51804,281.81058,283.44028,282.75308,283.30176,280.01117,281.79407,281.64474,281.9153,282.18152,283.02637,281.03204,281.99414,281.29803,280.92804,281.41266,282.0068,283.42792,281.2808,281.37906,280.66492,282.10016,279.4463,280.5427,280.31732,283.77707,282.8883
635,1902-12-16,276.94,280.05966,279.3408,280.57147,277.5318,282.86346,281.02277,279.69284,278.89615,279.58008,278.76657,278.8716,278.4616,280.67834,278.31372,278.35202,280.2296,280.87958,281.46094,282.4489,279.3981,278.55664,280.97913,279.50876,279.59247,278.69754,280.33838,276.62576,279.40002,281.03287
636,1903-01-16,278.50992,277.9021,279.09467,278.71652,274.1334,281.00595,280.2335,278.77295,278.39166,281.09152,279.23077,280.00577,279.50452,276.37704,277.5069,278.5713,278.32864,278.94785,280.6659,278.61185,278.17435,279.31198,276.57205,279.37317,277.84314,274.53433,278.06094,275.67523,279.34143,279.21234
637,1903-02-15,278.85962,276.4781,278.75345,280.89096,279.1711,282.1498,279.28925,276.81516,278.994,279.16043,280.21423,275.62906,279.4163,278.68256,275.9701,280.4014,277.83295,278.55615,279.7852,278.52805,277.41,279.96072,273.76013,276.23325,277.5612,276.94162,279.0539,277.98474,277.1409,279.53195
638,1903-03-16,280.45114,280.97388,279.7249,280.1271,279.66122,279.61526,281.32022,278.45267,279.41226,280.76825,279.32797,279.70724,279.53662,281.38586,276.15195,280.52194,279.65457,277.32364,280.39557,280.23087,279.0082,279.8847,275.43808,275.95142,278.8064,278.5283,277.8024,279.94098,280.60034,279.5389
639,1903-04-16,281.66537,282.4896,281.588,279.78113,279.80753,281.1518,283.33743,281.40057,282.25458,281.76346,283.53592,282.10086,281.37906,282.06665,280.08603,283.83377,278.93158,280.08902,281.1067,282.0287,280.32608,283.48694,279.36343,282.01184,279.31873,279.45105,283.17783,280.4103,281.6642,282.52274
640,1903-05-16,283.6034,287.1282,284.17276,283.97067,285.1672,285.35648,284.57312,286.37244,285.7124,284.148,285.87512,283.63168,283.6523,286.26352,285.4787,284.63187,284.2103,283.6752,283.7218,285.07635,282.39133,283.3898,282.8423,283.1149,284.20776,282.24243,282.02023,284.42938,285.41437,283.60153
641,1903-06-16,288.13272,291.675,287.45685,286.6734,288.6118,287.68918,286.2172,286.59393,286.6084,288.31042,287.99173,287.89246,287.8518,288.1518,287.14566,286.4277,286.48517,285.81046,287.47598,285.94415,286.28214,288.7511,287.39316,287.46222,286.56137,284.95657,287.71225,287.4144,287.8916,288.0539
642,1903-07-16,288.99686,288.9979,288.0273,288.1947,288.39166,288.62543,290.74344,288.2811,288.7612,288.03983,288.15872,288.41177,286.4861,289.11096,287.60394,289.14572,287.95212,288.90997,290.12854,289.16602,287.2416,288.29486,288.54065,290.2286,288.97238,286.35965,288.2935,288.90118,288.51523,288.10477
643,1903-08-16,288.68362,288.83484,288.40164,288.90982,288.6504,288.2432,290.97055,288.19104,289.20114,288.9061,288.02347,289.10867,289.52283,288.49402,288.3379,289.68173,289.286,287.96332,290.51602,288.9499,289.14276,287.88663,288.44403,290.84988,288.98654,287.7272,288.4669,289.7813,288.5836,288.21945
644,1903-09-16,288.5424,287.3054,286.85498,287.06766,286.47534,286.52332,287.37915,287.39352,286.34775,287.2676,288.01782,286.13843,288.95172,287.5413,287.44928,287.5333,287.20026,287.41693,287.00616,287.60516,287.30472,286.75742,285.38803,287.5709,287.79846,285.68488,288.6727,286.86633,286.22272,285.3747
645,1903-10-16,284.5491,285.97205,283.64276,285.02054,285.48666,283.31937,283.60812,283.27255,282.958,285.66122,284.46042,283.44647,284.97815,285.9003,284.78494,284.03256,284.42242,284.9156,283.90112,285.87277,286.0765,283.04407,282.35092,284.51245,284.75443,282.91666,284.13873,283.33514,282.8633,281.865
646,1903-11-16,280.45587,283.2102,280.35342,282.3424,283.24857,280.8196,281.33957,281.20322,280.03983,280.51672,280.15833,283.29977,281.916,282.70175,281.4408,282.41202,281.9729,282.6671,281.99927,282.69196,283.61002,280.4042,282.00043,282.95044,282.1829,281.6515,281.70975,280.0509,280.4903,280.2584
647,1903-12-16,280.81772,282.79993,277.6928,280.29135,280.689,277.81482,278.25793,280.5503,280.09015,278.66922,279.37213,280.02902,279.06766,279.39093,282.07288,278.38803,280.8543,280.9043,279.69196,278.48416,280.80612,280.69995,276.70642,279.9967,277.8101,280.22388,277.99512,279.5559,278.17035,280.3199
648,1904-01-16,277.31403,281.8683,279.84482,278.87787,278.41318,278.4862,277.22607,280.17926,279.49152,277.53836,279.13214,279.4074,278.03705,277.79324,278.44162,275.29462,278.12482,279.65646,281.6007,275.73874,280.67316,279.76212,277.35797,278.76923,278.41373,279.41312,277.70834,279.47122,278.9148,278.4234
649,1904-02-15,279.58392,277.8055,279.79993,277.22067,279.15167,275.07214,279.03696,279.37335,277.30426,280.83545,277.4553,279.01453,275.5338,278.67398,277.78946,273.96692,279.04187,278.1881,279.25296,279.58954,278.4332,276.74683,277.52206,277.77426,278.72385,279.3304,278.66107,278.14993,278.323,278.26974
650,1904-03-16,279.19925,279.36127,278.33197,281.51874,276.897,278.32507,279.2846,278.68518,278.93045,279.2323,279.8019,281.92764,277.66177,279.8949,278.74713,279.63306,281.00275,280.98303,280.38785,278.3071,276.7274,275.55487,278.414,278.6123,280.70273,278.1932,280.72073,279.5767,280.5749,278.38602
651,1904-04-16,280.93594,281.90274,282.69177,281.26337,281.93118,281.8382,281.67404,281.62976,281.55307,282.26202,283.18777,279.4849,281.37433,281.6571,281.72134,280.9763,282.9142,282.55084,280.32907,282.38605,281.33273,280.86136,282.06552,279.1215,281.79202,281.81937,282.80978,279.2179,281.17163,278.84167
652,1904-05-16,283.59427,285.66125,284.24713,284.26895,283.5518,283.67337,284.07196,285.10367,283.3373,285.14392,283.91177,283.47784,282.5677,283.17322,283.2574,285.1105,286.08878,285.03622,285.13785,283.175,283.74783,283.47418,286.60312,281.4726,283.549,285.7408,284.0,284.4099,285.65533,283.20078
653,1904-06-16,286.568,286.13367,285.04053,286.7194,287.25696,285.97867,287.31415,288.047,287.41617,287.5095,286.91473,287.10272,287.10623,288.20734,286.49075,288.74414,287.0713,288.03625,285.63065,286.53253,287.99802,286.53442,288.8359,285.4221,285.14984,286.39215,287.47424,287.66647,287.83383,286.85474
654,1904-07-16,287.6215,287.89963,286.29373,289.33484,290.69794,287.29523,289.46124,287.9116,289.84784,291.1445,289.32193,287.53717,288.08807,289.2606,288.32132,288.76227,289.934,288.05307,289.5687,287.57208,290.8337,290.32074,289.07812,287.01035,288.68164,287.73196,287.7121,289.07776,288.74533,288.7864
655,1904-08-16,289.4656,288.93112,287.70233,287.56134,289.51056,289.54623,289.92688,288.5211,289.69635,289.57596,289.00598,288.56372,288.3379,290.12012,288.91055,286.68204,289.00223,286.1676,289.3625,288.88678,289.6685,289.4106,289.77582,287.67627,288.09763,288.75644,288.66986,290.71896,288.75497,287.3497
656,1904-09-16,286.51282,287.3424,286.13522,287.06967,286.10345,285.83896,289.4544,285.9073,287.22714,287.16644,285.5907,287.31833,286.1943,287.9584,285.87936,287.42548,285.80588,285.40085,289.35995,285.52765,286.83994,287.0654,287.42236,288.40747,286.73328,286.51697,287.37488,287.22604,287.09143,285.91583
657,1904-10-16,284.40482,284.46756,284.43494,285.76276,283.9874,283.40082,284.7893,284.75403,286.08838,283.90155,282.73718,284.07706,285.21222,283.67505,283.7612,284.05542,283.17096,284.01065,283.40866,286.26367,286.06403,284.86032,284.6176,284.30396,284.29358,282.20135,283.80792,283.46783,283.6832,284.6983
658,1904-11-16,280.88718,282.80707,281.60358,284.1521,283.18375,282.4638,281.4656,281.05374,281.92657,279.31494,281.0853,282.78677,280.41724,282.07333,282.23758,282.84476,280.17697,281.88248,280.8915,280.0199,281.2316,281.61026,282.63037,280.5479,281.32626,281.74457,281.48596,282.05927,282.63675,281.34634
659,1904-12-16,278.13577,281.85397,281.15155,277.90546,279.1984,278.15485,278.87744,278.5695,279.47852,279.30295,280.6631,280.2561,278.1993,279.9895,278.6741,280.69632,280.35925,278.55545,278.77847,280.70566,280.83072,278.13898,280.81378,279.42163,278.05023,279.33987,278.3817,279.31287,279.31796,280.3796
660,1905-01-16,279.10602,277.21344,278.11188,280.1066,279.2804,277.58475,275.0946,276.48398,278.4327,278.2206,278.65817,280.2351,278.34897,278.98074,277.61343,278.3573,279.68066,279.98474,279.02966,280.27176,278.51938,277.32275,281.10663,278.9183,276.3182,278.98782,278.64874,278.4059,276.3201,278.30276
661,1905-02-15,277.10663,280.99728,278.51733,280.74384,279.491,278.79434,275.54272,279.0503,277.90173,277.61578,280.06308,281.74112,276.00974,281.536,278.63956,278.62656,276.13864,278.44244,278.31198,280.20856,279.5687,278.54468,280.4074,279.64322,279.68073,280.05615,273.31555,275.86768,278.32834,279.05478
662,1905-03-16,280.0424,279.80527,280.88657,280.92816,280.69818,280.50552,278.37396,276.75864,277.88242,279.91846,280.37427,280.6623,279.07007,278.7374,277.8266,279.65387,279.01715,279.2033,280.21225,280.53256,279.4786,279.62292,279.55075,281.71933,280.89908,279.64017,276.56174,279.0749,279.8178,281.30435
663,1905-04-16,280.34622,280.69366,280.23148,281.5409,280.46774,281.53015,282.3305,277.87543,281.28256,281.85834,281.16995,281.5936,278.88226,281.73282,280.6002,281.2978,280.9164,282.22675,282.06766,281.8407,281.65134,279.96625,280.65866,280.5736,281.36404,280.65842,281.59036,279.8472,282.55893,280.727
664,1905-05-16,282.88715,283.91107,284.06937,283.61536,284.9252,284.65802,283.9968,282.9598,283.82983,284.2904,282.68076,283.90903,283.50656,284.71487,283.1894,284.2769,285.48944,283.43274,284.87613,283.5396,284.26013,282.413,284.23135,285.135,284.44937,283.7097,281.6214,283.87772,283.67715,282.30716
665,1905-06-16,287.2982,288.94525,285.74915,286.30978,286.58508,288.5168,287.20288,286.13324,287.6631,286.85733,288.16824,286.90762,285.51486,288.8698,285.32532,286.49316,288.10754,288.29214,285.84406,286.8711,286.15384,286.3151,284.97958,287.34515,288.71442,288.16888,286.26138,288.1783,287.87143,286.2396
666,1905-07-16,287.3722,288.0948,289.11484,289.1895,287.87177,289.9418,288.67923,288.6462,290.225,287.20926,289.3624,289.4007,287.6602,291.84955,287.78836,289.52255,287.61377,290.05325,288.28134,287.58197,289.73047,288.5581,286.99652,288.05038,288.75638,287.67093,287.8553,288.38626,290.50742,287.9775
667,1905-08-16,288.4529,287.7788,288.9151,288.77594,287.58438,289.63715,288.36853,289.02676,289.5328,287.07513,288.17136,286.61395,291.25592,289.25992,287.87827,289.92722,288.67047,288.9877,289.7919,288.21835,288.30017,288.83743,288.73413,287.00952,288.7269,288.5071,289.00858,287.73502,288.70746,289.76016
668,1905-09-16,287.4554,285.4456,286.82346,286.74292,287.39044,287.37183,287.30804,285.33612,287.20334,284.84067,286.07584,286.9602,286.2012,289.22946,286.80658,287.90744,288.53,287.53604,287.9482,288.36475,286.6642,285.92844,288.80722,286.7387,288.61026,286.61823,288.01187,286.1206,288.5176,287.6274
669,1905-10-16,284.7446,282.83887,285.38544,285.91202,284.81918,284.68973,285.1755,283.72964,284.31824,285.21915,285.4143,283.79886,285.71118,285.22833,282.00534,284.84238,286.1353,283.32486,282.96838,283.76968,285.53632,284.00546,284.9382,283.68246,284.69696,283.52206,283.0951,283.769,285.9235,283.98178
670,1905-11-16,282.08807,281.5359,280.45905,282.59634,282.15448,282.0071,280.52734,280.1147,283.02936,281.45557,278.5244,281.6623,281.95856,283.41296,282.86572,283.46344,283.06525,280.78378,283.22238,279.8198,282.90955,281.19052,282.41586,277.10626,282.17493,280.31454,281.28894,281.36218,282.31104,280.03146
671,1905-12-16,280.91043,279.15097,281.61658,279.37936,280.54193,279.56143,281.8709,279.3315,278.5917,279.25204,278.00717,281.29846,281.0253,279.55038,281.59927,281.30392,279.4541,281.3898,280.67847,280.4248,278.98456,281.59064,279.66,279.1411,281.55188,281.77768,279.51376,281.3157,280.37314,278.20062
672,1906-01-16,277.90305,279.5586,279.04398,279.72,279.4196,278.46933,276.57083,279.82846,279.14795,281.11374,276.16162,278.84058,277.883,279.52185,279.75534,279.58432,277.8883,278.44037,279.63394,279.9258,280.53107,277.39563,280.40732,278.67444,280.796,279.45303,278.8996,279.44104,280.59988,280.4059
673,1906-02-15,278.91022,277.51953,277.89984,280.7164,278.28418,278.58142,279.67722,277.83115,279.07587,279.5291,277.08798,277.7799,279.82614,279.46124,279.6667,279.79144,278.11273,279.25272,279.28833,279.39423,280.37396,280.02704,279.3876,278.17178,281.06052,279.5691,279.6932,281.4197,279.33347,277.9492
674,1906-03-16,278.682,280.171,275.5086,280.61926,278.66733,278.7178,277.56168,278.94394,280.9114,280.78375,280.69232,279.26144,280.3858,280.11328,281.20425,279.13385,278.42987,281.13342,280.25876,280.11945,279.07913,280.3477,278.03494,279.89523,281.04935,281.2258,278.4421,281.1445,280.6869,279.76138
675,1906-04-16,282.46045,282.90402,279.1421,283.76047,279.3242,280.01553,281.70663,283.19736,279.94202,282.47736,280.93713,281.9618,282.63223,281.4799,280.34943,279.97748,282.1782,280.73013,282.71805,281.00677,281.85776,282.0901,282.2232,281.18234,281.2358,282.2041,281.48782,280.93018,281.30936,280.56485
676,1906-05-16,284.81564,284.43872,282.54056,285.61008,284.3645,285.23907,284.15775,283.9939,284.46313,284.14136,285.20715,285.6134,284.45966,283.89984,285.83533,284.04922,284.36407,284.08932,283.8191,283.79834,283.97986,284.3184,284.0068,283.7512,283.31073,284.15488,283.98578,284.2147,283.5418,283.55807
677,1906-06-16,287.11282,290.1204,286.97897,287.15048,289.16663,287.10486,286.81464,288.14926,287.82858,287.30103,286.1505,286.84894,287.86584,285.67584,288.32553,287.10883,287.89038,287.08936,287.45972,285.82565,285.9092,287.2859,286.7032,287.47397,286.59927,286.24954,289.08,286.9246,287.75287,286.49585
678,1906-07-16,288.6976,288.35333,286.47876,287.92007,287.9161,287.4643,288.34833,288.62094,290.11392,289.4386,289.30484,287.95605,289.2244,287.78928,288.19992,287.17285,287.6333,286.9799,289.1512,287.38434,287.59003,286.85825,289.47437,287.58002,289.31912,288.79266,289.1544,287.73117,286.59317,289.61795
679,1906-08-16,289.3005,286.97092,287.42142,287.62198,288.65738,288.42722,289.78995,288.82147,289.3156,289.48145,288.47003,288.87848,288.18707,288.20193,287.14832,287.39645,289.64774,289.12207,287.99707,288.22223,287.46692,288.2445,289.76956,287.58966,289.79703,287.88293,287.73682,287.04883,289.1264,287.42783
680,1906-09-16,286.62204,286.56354,287.55075,286.7479,286.5972,286.09262,286.89304,287.0913,287.9707,288.25168,287.35873,288.25476,286.86273,284.06094,285.94,287.4472,287.22787,287.6048,287.21906,287.5795,285.08447,286.43292,286.75726,286.76025,287.08392,286.2876,285.94916,287.08185,286.88217,288.36655
681,1906-10-16,282.90732,284.80374,286.0768,285.2368,285.8689,284.0024,284.6222,283.38116,285.1672,284.3085,285.33984,283.30377,283.12704,283.66788,284.6656,282.84775,285.2516,283.59042,285.8898,284.56946,283.4865,284.19495,283.05527,286.00656,283.23203,284.65405,284.7632,282.87363,283.20792,284.57062
682,1906-11-16,282.12598,282.84216,283.54,281.5617,281.29343,282.52356,280.86493,282.64767,283.19458,280.73776,282.4827,282.95633,281.49594,282.255,282.6196,279.80624,279.6658,280.873,283.104,281.6215,280.6445,281.5923,281.80936,284.07,281.05057,281.65543,280.40125,278.93655,281.75208,282.49008
683,1906-12-16,279.94284,281.3643,277.84024,280.41562,279.44476,277.75775,276.84622,281.2494,279.0545,279.04297,279.09308,278.0125,278.9671,281.0639,279.45355,279.09796,277.83023,280.0338,280.1731,280.4441,281.56644,280.92685,281.03897,279.10562,279.80402,279.10294,278.0818,278.87134,280.19424,280.12384
684,1907-01-16,279.20306,279.79977,278.44614,277.7925,280.75424,280.28503,279.01532,278.95673,279.23,277.25977,279.12265,276.48877,278.37424,280.63043,276.40204,277.94974,280.4102,279.95758,278.25223,278.7394,280.83734,277.88666,279.84387,280.0567,279.04935,280.92294,277.3762,278.33722,279.62607,280.03412
685,1907-02-15,277.5101,279.96506,278.84326,276.95868,281.18555,280.11948,278.31424,277.84015,279.36115,279.135,279.27353,276.474,278.44647,277.97485,278.31973,278.03882,280.63596,279.05826,278.89612,278.60117,279.86734,278.66068,278.9441,279.86667,277.6975,277.5228,280.32443,280.78867,278.81616,277.76923
686,1907-03-16,279.9648,280.6617,280.945,279.14673,279.78546,280.30344,277.45792,280.34103,281.766,279.89044,281.40427,279.41135,280.63382,279.0218,281.34088,280.1255,279.68423,278.89572,279.08685,279.43304,281.5051,275.97424,281.46313,281.21732,279.71722,279.69006,280.7645,279.762,280.56635,280.6683
687,1907-04-16,281.81564,279.98956,282.1548,279.73843,282.02054,282.83182,280.39886,280.37067,281.27567,282.87057,281.47144,282.4076,281.78534,281.61688,283.4643,280.97754,280.82993,279.73782,282.16257,282.32516,282.99905,282.2082,282.78067,282.1328,280.90045,283.22043,281.02084,279.63123,281.85767,279.83133
688,1907-05-16,282.7312,284.5621,283.94562,283.22723,285.8777,283.2057,282.80307,283.371,283.29297,283.7686,283.6448,284.55957,283.67688,285.42673,283.67078,285.63098,284.6675,284.74722,283.21393,285.88284,283.1229,284.71225,285.43225,283.51846,282.75095,285.70447,284.71735,281.8486,284.3117,282.46613
689,1907-06-16,288.83676,286.88104,287.9007,286.43918,287.4668,286.9343,288.40387,286.24292,287.5631,286.74646,286.2446,286.29886,285.78943,289.08374,284.794,287.02554,288.24918,289.38046,287.0049,286.6532,286.15228,287.15463,287.1044,287.29297,288.7687,286.75534,288.2906,287.946,287.28772,285.18317
690,1907-07-16,288.2818,289.0235,289.39154,290.8706,288.82397,288.28262,288.1763,288.74042,287.6735,287.687,287.85187,286.8694,288.0085,287.8634,289.61105,287.87006,287.67,289.94812,288.1651,289.23654,288.42227,288.47784,289.87424,289.82156,289.80527,288.52487,291.75427,288.93048,288.2876,288.17038
691,1907-08-16,288.99274,289.8548,289.9079,287.80862,288.64865,289.62833,289.3874,289.25027,288.26154,289.5866,289.24365,288.2573,286.9073,289.82788,290.05264,289.44913,288.28305,288.0341,287.65634,289.11023,290.01453,287.42004,289.9866,289.2719,289.12558,289.5198,288.39783,289.06128,289.039,287.70905
692,1907-09-16,287.47018,287.99646,286.9924,288.96826,285.87552,286.45212,286.61713,287.52606,288.37976,288.33118,287.70016,287.63895,286.3181,287.0543,287.70166,287.82446,286.53455,287.09,286.35388,287.78284,286.82388,286.81735,287.24045,287.9177,288.39438,287.80963,288.48334,286.87082,288.59402,285.22806
693,1907-10-16,286.09238,283.72058,283.15015,285.5799,284.9965,283.43265,285.08,284.84042,285.82837,285.91742,286.04022,286.4612,282.86533,283.98633,284.0446,284.98346,285.46158,283.97845,284.06247,283.5226,285.12027,284.43192,284.39328,285.97366,283.30728,285.6194,285.76334,283.49875,284.09958,283.45007
694,1907-11-16,282.35086,279.3054,282.2659,281.3924,283.022,280.98386,281.04263,282.7967,282.0932,280.16568,281.33173,280.90518,278.8265,282.1069,281.963,282.8647,281.4053,282.5969,282.92004,282.10382,282.4932,278.67596,279.9259,281.71393,280.90918,282.6669,281.7239,281.8721,281.5262,281.76282
695,1907-12-16,279.5925,280.28146,278.15366,280.5315,281.90442,280.03006,279.1746,278.45752,279.01788,276.8164,281.32678,279.143,279.92014,279.13705,281.29416,283.09882,280.3522,279.76447,280.54907,281.31265,280.6509,279.05502,278.60077,281.14557,280.70312,281.6869,278.79056,279.54303,281.4363,276.20468
696,1908-01-16,283.1071,280.0237,275.00763,280.07443,279.21167,280.02304,276.51855,277.46362,277.15353,278.58676,280.77454,279.39822,279.7891,277.5901,279.8625,279.42108,280.17004,279.37576,279.11664,278.57333,279.7169,277.5762,278.34683,279.83926,278.25266,275.26382,278.137,278.1191,280.86734,278.98694
697,1908-02-15,279.22037,278.6537,278.02258,277.1848,278.8945,281.68402,278.4643,278.13553,278.31607,278.45355,280.02014,279.40738,280.49213,278.68652,278.419,277.5688,278.0795,278.01303,278.9944,278.62186,276.4026,277.24026,272.08887,279.6208,278.56573,276.79907,277.64188,278.95395,280.16327,279.5863
698,1908-03-16,281.9192,278.2048,278.28827,277.77084,279.55118,280.84766,278.83234,277.51456,280.62558,280.26266,279.67337,279.5107,280.45093,280.5467,279.50983,280.92377,281.56836,281.02402,278.01138,280.26804,280.1822,280.05365,278.8878,280.6274,277.5884,278.66513,276.75015,279.59848,279.74518,279.52945
699,1908-04-16,283.44254,280.93912,281.2173,281.82785,283.039,281.48505,280.8932,279.50223,283.01462,281.5142,280.55212,282.35703,283.47763,281.33856,280.89105,282.7701,282.11563,283.30768,280.27,281.5938,281.26288,281.76935,280.2824,281.99863,280.80334,281.49466,280.0907,282.3973,283.21085,282.12448
700,1908-05-16,284.79742,283.06628,284.14014,284.5482,284.90155,284.1189,283.8426,282.837,284.28177,284.82123,284.2542,285.2192,283.78763,283.24487,283.93076,284.4286,284.3282,285.54214,283.3493,284.6724,283.28586,283.63208,281.5975,283.3611,282.67203,285.80264,281.49335,284.30817,284.31976,285.88202
701,1908-06-16,288.40854,285.79636,285.94733,287.8775,287.87354,287.2157,285.46432,286.17505,289.3514,286.30847,286.82748,289.42065,287.42816,286.36777,287.8144,287.32352,288.9615,287.35773,285.59775,290.10324,287.81818,286.76633,286.12225,286.19388,287.3722,286.81555,285.39456,286.98303,286.34308,286.87186
702,1908-07-16,291.5581,287.69452,289.28223,288.20706,290.43842,287.6171,287.32184,286.63412,287.98615,287.23425,287.48883,289.60867,288.01477,290.1805,288.5416,288.8965,289.4879,288.97302,287.44272,290.59286,287.669,290.12045,290.95184,289.94846,288.8904,287.93704,287.6688,288.4889,287.62128,288.4031
703,1908-08-16,290.90735,288.10278,289.99246,287.62222,289.79672,288.18866,288.29865,286.60336,287.0858,287.81085,288.41113,289.28494,288.97186,290.31836,289.27875,290.34564,288.54727,289.86383,287.9607,290.35886,288.76144,290.19293,290.1063,289.7972,288.9464,289.51028,287.60587,288.87534,288.1036,288.38205
704,1908-09-16,289.49323,287.96198,287.2231,286.79572,288.1399,287.41656,285.86243,286.06177,287.13544,285.7356,287.88962,288.50735,286.68915,288.1106,286.86737,288.6231,286.66187,288.25278,288.28284,286.20377,287.49683,287.67633,287.96738,287.59018,287.04092,286.68698,287.2835,286.34845,286.42145,286.9089
705,1908-10-16,284.51974,286.16876,283.67554,283.402,284.78888,284.3145,284.95364,284.12054,284.92667,282.80524,285.9352,285.3047,284.38995,283.93515,285.14343,284.17984,283.6821,285.3609,285.66882,283.8539,284.84378,283.4642,285.83188,284.71475,285.43564,285.83374,284.44897,283.82004,284.6267,283.5843
706,1908-11-16,279.52008,281.60925,281.62967,280.7571,281.92093,282.00974,282.50406,282.53818,282.30255,280.5719,278.7264,279.53226,280.41647,280.00143,282.11047,279.49515,280.47275,282.40976,283.48328,282.10983,278.86935,281.30905,282.81082,283.61935,283.12756,281.00705,281.80377,280.1634,280.2202,280.31873
707,1908-12-16,280.21533,279.1211,280.69116,279.4742,280.6464,279.9729,279.95508,278.9634,279.31277,278.44644,277.41986,279.96164,280.3069,282.3234,279.13995,274.90494,278.48047,280.42404,281.07074,278.82346,280.82144,278.88867,279.53506,279.41434,279.83832,275.96854,278.01108,280.40637,279.16528,277.58743
708,1909-01-16,279.26074,278.2913,277.53168,278.78513,277.698,276.99603,278.0399,278.86194,279.5501,280.4027,279.07074,279.976,278.38184,280.87775,279.55618,278.65543,276.08154,281.55838,276.31326,279.59204,279.29855,280.03784,279.62637,278.56116,279.3256,278.88828,277.19778,280.05695,276.17175,279.24213
709,1909-02-15,281.02908,276.97202,280.69348,280.07233,278.25156,279.29657,279.4597,278.20877,279.1842,279.27676,279.55502,277.13898,280.75024,277.1947,280.09534,277.79785,279.15137,280.455,280.04755,281.2205,278.35245,281.21097,280.49823,277.89124,277.93918,281.41953,276.8826,279.45343,276.27243,278.32706
710,1909-03-16,281.85242,278.99106,278.6489,280.27402,278.63403,280.74442,280.40732,278.43628,280.48865,278.80548,280.24503,279.73932,280.27823,281.3603,279.3606,278.23056,279.21368,281.5377,280.3546,281.36752,280.04382,280.98068,280.51935,275.04825,278.91943,279.85977,279.37103,279.32605,276.22763,279.97372
711,1909-04-16,281.28668,281.56866,281.368,279.37643,280.91254,282.246,280.06522,280.8261,283.06848,279.05432,282.69373,281.21048,282.8915,281.4254,281.51645,281.28012,282.3877,282.45898,281.68613,283.2625,282.67422,281.26694,282.9884,276.52536,280.41772,282.59882,281.3632,282.34512,279.61237,280.25586
712,1909-05-16,283.87308,283.14688,283.87112,284.43552,285.3202,285.69827,283.10498,282.7803,284.21375,283.4005,283.55353,285.93713,285.28467,284.3848,285.54962,282.80835,284.7585,283.64627,282.93304,286.2647,283.49963,285.28702,283.95602,284.91898,284.95056,284.62366,283.75845,283.5929,282.0705,284.58075
713,1909-06-16,286.6756,286.59906,287.2815,287.9481,290.4264,287.23685,287.34076,286.36868,287.16724,286.93628,286.4075,287.5499,287.07654,286.2394,288.6036,287.40094,287.63678,286.5632,285.73883,287.25867,287.11554,285.4987,288.04166,285.88687,288.43884,288.27768,286.5833,288.61154,285.9697,286.49625
714,1909-07-16,288.74637,286.63626,289.4703,287.08167,289.68665,288.15924,288.12656,287.43137,288.2255,287.6622,288.3222,289.52264,287.70258,287.74048,291.61057,288.65158,288.78888,288.46368,287.00626,288.70932,287.9709,288.5377,288.6011,286.9644,286.7331,288.2115,286.46106,288.76273,286.87866,288.17633
715,1909-08-16,289.94937,286.52386,288.48813,285.94916,289.56583,288.7065,288.03677,287.58994,290.07135,287.14172,290.5694,288.62796,290.2996,288.94806,288.29984,289.64615,289.34338,288.00137,286.60663,289.51886,288.21863,288.60602,289.11734,288.3815,286.61728,289.73962,288.56732,288.7376,287.04794,289.50604
716,1909-09-16,286.62195,286.6197,288.00494,287.84317,288.01184,286.0245,286.292,287.168,286.96207,286.1375,285.97183,288.01697,287.88135,286.49948,287.23444,287.91425,286.78802,286.51886,287.60754,288.4238,286.7354,288.46347,287.6462,286.07196,287.05475,286.8783,286.09,286.8019,285.42297,287.62543
717,1909-10-16,284.55667,285.07663,283.6975,285.3186,285.54742,285.11298,285.4135,283.133,283.3588,282.83057,283.35086,284.414,284.4661,286.47226,285.38065,285.82077,283.06903,284.572,285.13278,285.77097,284.64343,285.9933,285.0575,285.73935,283.5556,284.35355,283.01944,284.912,285.25668,285.35663
718,1909-11-16,279.2949,280.49716,278.44983,281.04388,282.0977,281.34976,281.41647,281.88593,280.663,281.77545,281.95642,279.62265,283.2885,281.93982,280.74625,283.93588,280.6352,280.67545,282.77896,283.1872,281.48505,281.27017,283.02643,280.70547,282.87,280.10568,280.64566,284.2551,281.31564,280.0902
719,1909-12-16,278.47964,277.1104,279.10745,279.1088,281.7014,280.5115,280.03964,278.7098,278.91623,280.67267,277.30112,278.13068,281.19025,279.5382,281.11816,279.36847,279.598,280.31735,281.26752,281.11606,281.06122,277.57947,279.1203,280.97946,281.5215,280.51175,278.27362,279.3804,278.37064,279.79767
720,1910-01-16,277.96082,276.8358,279.86774,280.2217,281.60693,278.3897,278.81693,277.85815,279.8238,279.96255,278.0313,278.8891,279.96524,277.7134,278.25314,278.96478,279.65375,277.96503,279.38565,279.5089,279.7445,276.77203,278.92737,278.3683,278.09616,276.3671,276.7085,278.28583,278.1725,278.0169
721,1910-02-15,279.36325,279.74377,279.23593,278.4068,280.37405,273.41708,279.57364,280.12885,278.72754,277.72574,277.39188,278.50528,280.5248,275.14536,279.76868,275.0091,281.06854,279.1879,280.69003,277.18423,277.54642,278.91522,280.72696,279.19284,278.18506,280.56833,279.44336,279.12408,280.69955,280.04547
722,1910-03-16,280.45795,280.09732,280.1955,277.14362,280.31357,278.3564,279.0401,280.28427,281.53403,279.2616,278.55795,280.25348,280.23822,278.65454,280.7347,277.24533,279.77975,279.87558,280.22507,280.0036,276.38397,281.21902,279.0474,279.417,279.52048,281.8767,278.27548,281.2468,278.09036,280.17056
723,1910-04-16,281.4799,283.28308,282.5114,282.366,282.30835,281.1914,281.31976,282.0954,281.55994,280.71085,281.07977,280.8731,281.73413,279.19946,281.22745,280.08615,282.29306,279.88516,282.16333,281.42117,280.2073,281.18735,281.55865,281.56976,282.12668,283.44803,281.3107,283.82843,279.31348,283.01514
724,1910-05-16,284.5839,284.57596,286.03662,283.12378,283.13864,283.56436,284.31625,285.0834,284.70667,284.10312,284.6375,282.73648,285.25626,284.79675,285.09427,283.14215,284.96777,283.65903,284.5683,284.43402,283.44998,284.57913,282.6732,284.97375,285.077,283.58643,283.23135,284.1405,282.75912,282.65668
725,1910-06-16,286.911,288.1805,286.27664,285.1627,286.26773,284.69888,288.01016,285.63275,287.25778,286.52853,286.33807,287.08557,286.94803,286.60294,287.59973,288.78833,286.88998,286.6573,286.62207,286.05072,287.09473,287.42166,286.5204,288.94077,287.83426,287.50772,288.4445,285.58765,285.73773,286.78412
726,1910-07-16,288.6503,289.54126,288.90726,287.93704,287.47375,287.71732,287.32172,288.10684,289.87555,288.22458,288.57196,289.88266,288.8275,288.50153,289.8363,289.00967,289.03064,287.5708,288.43274,288.03403,290.07013,286.88315,286.96503,289.7245,287.94254,290.4009,288.33148,287.59073,288.60062,288.4801
727,1910-08-16,288.78574,288.91034,288.18515,289.0079,288.37292,288.21777,288.18503,290.42575,289.21677,288.49368,288.15683,289.26605,289.36447,288.19888,287.8422,290.7561,289.5736,288.22632,288.6622,287.862,288.901,287.3184,287.43924,287.14496,288.1271,290.2047,289.3469,289.32083,287.70038,288.57092
728,1910-09-16,288.5185,287.95905,288.43854,287.79926,288.05624,287.5821,286.36343,289.18283,286.16818,287.61102,287.18414,288.9502,287.79102,287.28864,287.21884,287.51575,286.96484,287.68054,287.12433,287.26074,287.59387,287.6743,287.5358,285.79324,286.23703,286.42355,288.0066,288.2581,286.706,287.5968
729,1910-10-16,284.1853,284.89163,284.75424,283.7883,283.75644,284.65652,284.5801,283.96097,284.52652,285.54605,284.28455,284.8079,284.16843,284.94324,284.15805,284.5801,283.3906,286.18652,285.27905,284.5868,284.66946,284.29446,283.1058,284.26614,284.55222,283.9952,283.78183,285.06207,285.14914,285.3658
730,1910-11-16,282.58603,282.1898,281.97522,282.42462,282.8276,282.963,282.3037,281.2091,282.77515,281.0836,280.2049,282.94815,283.1311,280.58438,280.55627,279.62793,281.09238,281.98685,283.46634,281.88898,281.98477,282.5982,280.43433,281.0924,282.4911,283.2975,279.6031,281.4728,282.57645,280.62088
731,1910-12-16,279.21777,279.56522,281.2615,279.99765,278.69894,279.00595,280.79205,279.6824,278.52307,278.9716,279.06348,279.0486,279.32016,280.77106,281.49136,280.65985,278.54095,279.2818,280.3206,277.20865,279.42606,280.12045,277.41794,279.21545,282.1558,282.22833,276.29675,278.19196,279.08557,280.79303
732,1911-01-16,279.29608,279.9296,279.67404,276.34146,277.35632,275.33313,279.84482,279.6747,278.30075,279.23697,274.48666,277.9757,280.29526,280.7984,279.3624,280.14627,279.6309,280.02374,278.8129,277.9849,280.00372,280.2717,277.38812,277.84778,281.27423,280.87347,278.89795,276.35522,276.78,277.35504
733,1911-02-15,277.93216,278.89105,279.07846,276.7654,277.23633,276.21915,279.2617,278.0397,275.4642,278.50824,278.0414,279.9117,280.22278,279.50745,278.63586,279.59637,280.71228,279.83673,277.24966,273.42975,278.55826,277.96558,278.10297,278.21982,279.0436,278.92484,275.2921,276.47452,276.16464,278.21573
734,1911-03-16,278.39062,280.715,280.79047,278.05536,278.68896,279.19308,281.2435,281.23724,277.98996,281.7325,279.6346,280.9413,280.25766,280.69678,280.6153,281.36768,279.81833,280.86093,279.4417,275.65732,279.1417,279.75974,278.85782,277.94763,281.08844,275.55487,279.4731,278.9286,277.21475,279.28336
735,1911-04-16,280.16467,281.93137,282.17313,280.42368,280.73874,281.375,281.29947,281.76154,281.239,281.2893,281.0013,282.88123,282.88364,282.78986,280.44165,281.8287,280.8699,281.5434,283.75018,278.6563,282.69308,281.49258,281.061,280.3369,282.2182,279.82138,282.11066,281.7701,282.29486,281.47134
736,1911-05-16,282.2985,284.71442,283.4147,283.28745,284.47086,283.8652,283.40707,283.7749,282.9227,284.04346,283.44833,284.32114,284.59372,283.6658,284.34576,284.4958,283.66605,285.12286,284.85913,281.50516,283.1607,286.21356,283.46442,281.17422,283.03888,283.23236,284.60602,284.8453,282.9698,283.8459
737,1911-06-16,287.70264,286.5956,286.80725,287.10895,286.01813,285.65698,286.47607,286.5398,289.03137,286.46567,285.65854,286.35336,287.95032,285.6473,285.95358,287.247,287.76648,287.2735,288.36682,285.77466,287.16257,289.93173,284.8926,287.58417,286.98517,285.59488,286.5557,286.74054,287.44052,285.68732
738,1911-07-16,288.56232,287.5571,287.48892,288.65396,287.83063,286.9403,286.96802,288.4096,288.18228,289.46048,289.63168,289.32962,288.0351,289.17783,288.20956,289.13373,286.11697,288.22443,288.33636,288.46832,289.09534,289.0367,286.34055,291.28574,288.16788,288.13177,288.86984,288.2201,288.99994,288.0302
739,1911-08-16,289.3232,287.39993,289.35684,288.74332,287.76553,287.57318,287.27896,288.1382,288.44876,289.21155,289.83737,289.62653,289.5579,289.86954,288.63858,288.3354,287.03275,287.76038,288.63245,289.12222,289.97482,288.2305,286.64926,289.65845,287.22977,287.624,290.80865,288.1211,288.10696,288.4168
740,1911-09-16,287.12927,287.1971,287.88657,286.3743,287.43567,287.7429,288.0433,287.15298,287.16025,288.53696,289.70642,287.13986,286.9753,287.5711,287.64252,286.84973,286.4996,287.59332,287.96606,286.94513,285.60883,288.0142,286.1264,287.1828,287.90997,286.7587,288.04578,286.16995,287.1105,287.03543
741,1911-10-16,282.69006,286.06018,284.41943,283.88425,284.85034,286.47974,282.6361,284.38174,284.12747,285.13437,286.61224,283.41724,284.71158,284.10983,285.44656,283.65005,284.17343,284.96384,284.1692,284.5265,283.1722,284.70767,283.42462,284.1975,283.21646,284.44043,284.41956,284.69806,283.4964,285.06323
742,1911-11-16,282.30054,283.51907,281.6424,282.8319,280.5356,282.06274,281.45853,281.2958,279.9412,282.8357,282.98148,280.24225,282.01343,283.1556,282.0269,280.62402,283.167,283.01025,283.16656,281.56815,279.48138,279.19272,281.41678,283.0852,282.37006,280.54135,283.0029,282.19287,282.1855,280.6271
743,1911-12-16,280.68378,281.40442,280.09048,278.52777,277.10458,280.1527,279.4799,278.82974,280.0714,280.13535,279.9519,278.88553,280.75204,281.94287,281.1436,280.2411,279.62802,282.06912,281.62125,282.3838,280.2573,279.43637,280.64105,282.1774,279.14844,280.55347,280.7897,280.12277,280.33212,280.5749
744,1912-01-16,279.79822,277.33914,279.38187,277.75262,277.7825,280.93646,277.92392,277.9273,276.0806,278.1357,280.4109,278.41135,279.05707,277.59027,279.3669,277.7388,277.10373,280.29242,279.5741,280.73434,279.07632,280.54245,278.64105,279.37488,276.74982,278.2802,280.7423,279.6044,277.96722,281.41394
745,1912-02-15,278.1775,280.26926,276.41693,275.24124,278.50278,279.6532,277.9009,279.57965,278.91714,280.0033,281.21957,276.82834,278.96564,278.2801,281.27722,277.57675,275.36172,277.74265,278.07455,280.3238,278.73,279.8668,279.81967,277.36987,279.46594,278.01932,277.30927,276.81766,280.07645,280.6047
746,1912-03-16,279.95654,279.5734,278.8601,278.43933,277.7037,279.74997,278.5835,281.1663,280.6431,280.13046,281.98834,278.39532,280.83777,278.95685,279.9414,279.24368,280.28494,280.3938,280.62708,279.52454,279.14508,280.1133,279.11646,277.41324,280.5048,278.1516,280.08093,280.62418,278.43417,281.35318
747,1912-04-16,278.81992,283.05286,280.21594,282.2175,281.56003,281.50665,281.11322,282.21793,280.3557,277.9192,280.9788,281.46005,283.27927,280.18808,281.75497,280.58496,282.24475,281.44296,280.68335,282.02295,279.89587,279.87518,280.38986,279.9994,281.05972,281.64636,281.87143,282.20062,282.19623,283.1898
748,1912-05-16,283.05524,284.26065,282.70865,284.14642,282.82144,284.0988,284.26102,284.9618,285.84708,280.82526,283.79257,282.97296,285.66953,282.82574,283.76324,283.1634,283.71313,284.2761,284.53235,282.18008,283.92197,284.40924,282.49228,283.1402,284.28848,285.16086,285.22424,285.36932,284.25778,284.6016
749,1912-06-16,286.48715,286.81323,284.20538,287.57837,286.0061,286.64752,286.52243,287.95316,287.38702,284.90155,288.11905,285.82837,287.50635,286.12766,288.52438,285.77426,287.13855,287.47067,287.80966,286.083,287.64096,286.4423,285.84027,284.02835,286.78183,287.25888,286.90967,289.96756,286.3279,287.93057
750,1912-07-16,288.92847,288.32703,286.92416,288.47177,289.1106,287.8962,287.10788,288.53226,290.1208,287.2924,287.8184,288.69193,288.18304,286.56763,290.6391,289.42694,288.01697,286.82724,288.24576,285.98288,290.5002,288.29105,286.88177,286.5043,289.93234,289.93527,288.9707,288.43585,288.1097,287.38214
751,1912-08-16,289.26462,287.9647,287.2954,289.35977,287.50128,287.55905,287.84616,287.6358,291.066,286.26767,287.96188,287.85,287.8077,285.9572,289.51797,289.99094,288.92084,288.83124,289.14526,288.01782,289.88397,290.5281,289.9913,286.93686,289.81186,287.64886,289.08548,290.5847,287.06924,286.93927
752,1912-09-16,286.8918,287.6932,286.61707,287.13556,286.40683,287.05432,286.58984,287.597,287.67743,284.68558,287.27878,286.05945,287.93762,285.88254,287.03058,287.8729,287.29797,287.22702,286.06653,287.91974,286.11755,285.8507,287.67502,286.32336,285.86792,285.11023,288.02814,289.09064,286.3527,286.1927
753,1912-10-16,284.86374,282.87015,283.90253,283.88217,285.9152,284.37292,282.6216,284.8872,284.14465,282.11673,284.47525,283.756,285.29794,283.35623,284.26797,284.71725,282.34885,284.1548,284.16495,283.99142,285.0033,284.53918,284.44852,282.6461,282.96805,284.06903,285.58173,284.21658,283.7196,284.0106
754,1912-11-16,283.12357,280.2862,279.6402,281.18207,282.28888,282.03955,282.45438,281.8062,282.18033,279.37787,282.53473,282.10773,283.19363,280.17792,280.48645,280.46097,282.39774,281.69388,282.18015,281.1904,281.64047,280.5704,281.50467,282.11133,281.703,280.40378,282.63693,282.9545,281.95575,281.21213
755,1912-12-16,280.92938,279.65628,278.31427,279.23663,276.79556,282.2379,281.16382,281.91855,279.76193,278.47482,278.28265,279.61154,281.62247,279.56104,278.5774,279.11896,277.00217,279.6816,278.00488,278.53848,279.4532,278.28946,281.28394,277.93842,279.73135,280.20422,278.72473,279.46082,278.89816,279.21188
756,1913-01-16,276.6896,279.76013,279.3665,278.48578,277.89108,280.04813,279.63892,278.88608,280.25992,279.25253,276.64243,278.1638,273.79266,278.4978,280.40906,279.41238,277.2458,278.13513,277.08453,277.03427,278.2472,279.55423,280.7664,279.1699,279.8879,277.0896,280.12,280.32623,278.32333,279.14124
757,1913-02-15,278.7411,280.87885,276.4003,275.47574,279.91144,277.2442,279.61835,277.13098,277.60083,277.76022,279.8368,277.45108,279.40637,279.3418,279.9997,277.94284,278.34836,279.7382,280.57678,278.7775,278.18433,279.9377,275.88644,279.6798,281.6799,276.49826,279.14935,281.76163,277.81644,276.72702
758,1913-03-16,280.2393,276.84476,279.66763,280.06097,278.88354,280.23984,281.28473,279.1734,280.66748,278.13123,281.02396,277.46097,280.93726,279.61972,280.26297,280.20367,278.2031,280.59296,278.9917,278.86865,280.9646,281.34045,277.80798,279.9198,280.83777,280.46716,279.44656,281.46198,280.626,279.71225
759,1913-04-16,282.0652,281.0115,280.84756,282.06476,284.0569,281.26804,281.9422,282.4699,281.7808,281.5287,282.53174,281.24945,280.95645,280.06412,281.77493,282.5409,281.90952,283.344,280.68173,281.16745,281.2966,281.56863,280.54865,283.1711,282.78397,281.1294,281.92813,281.34836,281.557,279.61203
760,1913-05-16,284.72647,283.1009,284.0131,284.06763,283.7996,283.9879,282.93692,285.30563,284.33493,283.81677,282.47244,284.15436,283.7954,285.48416,283.8534,284.54062,283.6946,285.28076,284.26596,283.56033,282.92157,284.3538,283.2531,283.92206,284.56366,283.21252,284.09912,286.04175,285.18274,282.66992
761,1913-06-16,287.98306,286.31387,286.64526,285.3924,288.1937,286.47015,285.41226,288.83127,287.48715,288.12518,285.57074,286.88416,286.30695,287.53214,288.3911,286.86185,286.4296,288.8873,287.4118,285.69238,288.0017,287.5053,289.98257,287.01056,286.98245,287.56607,286.83044,286.39813,286.7944,285.57028
762,1913-07-16,288.8756,288.17892,288.0407,287.88864,288.69812,290.3174,287.3712,288.22537,286.55664,287.95663,288.40158,290.05484,288.13828,287.98746,288.37225,287.7103,288.4262,289.59128,288.55533,287.82407,288.32205,288.76004,289.08273,289.26263,287.64755,288.85214,287.17233,287.31122,287.28223,287.96365
763,1913-08-16,287.73053,288.4427,288.4073,288.03064,288.06778,289.99734,287.60272,287.9781,288.24127,286.8892,286.7467,289.40594,288.4564,288.4387,289.2744,289.9723,288.67105,288.4576,287.73373,288.5328,289.13626,289.5763,288.83127,290.31732,288.09036,289.08078,288.96063,287.9035,287.649,288.35217
764,1913-09-16,286.42117,286.39853,286.14566,286.82092,287.63882,288.30093,286.22,288.15512,289.07028,287.41162,287.47394,286.987,287.6959,286.01794,286.26544,288.7457,288.73608,287.4803,287.48138,288.21582,287.20697,287.27036,288.6288,287.50314,285.9466,288.27905,286.75607,287.39224,285.8294,286.06686
765,1913-10-16,284.55142,284.82535,284.2079,284.64972,285.16415,285.2853,284.27698,284.82687,285.13965,283.29196,284.4982,284.49362,285.22504,283.66257,283.32874,285.93088,284.5442,284.12872,284.74545,285.35333,284.1128,284.2274,284.78244,283.4153,284.04413,284.50513,284.18015,284.52637,281.66638,282.62622
766,1913-11-16,281.11942,281.35812,280.80313,282.84277,281.1322,282.63315,281.48532,281.47708,281.75708,281.68063,283.17453,281.52487,283.61243,282.38876,279.73465,281.77725,282.45847,279.7744,282.9881,281.36578,281.0394,282.5845,279.95123,282.45203,281.05814,279.96112,281.48434,281.3917,277.77142,280.97586
767,1913-12-16,279.5416,278.8982,280.08914,277.68506,279.67267,279.47086,279.48236,279.0201,280.25375,280.56583,279.97366,280.18137,282.19092,278.28912,278.04358,281.04974,279.6303,280.31247,278.28592,279.7078,280.30792,281.23196,280.49274,280.17398,278.98016,278.58615,280.159,278.55585,278.64978,277.21948
768,1914-01-16,276.97958,278.53073,278.0715,279.3285,279.19266,280.49136,274.21774,279.3759,278.15643,276.83524,280.69257,279.03143,278.83105,280.0273,279.44528,281.75165,277.8364,277.12497,275.5642,277.10596,279.2821,278.30157,279.22815,277.66342,274.48297,278.85165,280.5654,277.04718,278.80472,278.96072
769,1914-02-15,279.47717,277.62558,276.66223,279.55243,277.56104,280.9965,277.2717,275.77307,275.3412,277.72418,276.75858,278.13193,279.27594,279.18735,274.4495,281.1491,276.9795,279.7077,279.8426,277.5086,278.1578,279.26602,279.2209,277.2796,275.1887,278.47498,281.47067,279.81613,279.50485,276.74634
770,1914-03-16,278.475,279.63376,280.16376,280.9805,280.2088,279.11005,280.0904,278.66357,279.83447,278.42188,279.76706,279.63034,278.0633,278.9173,279.22028,280.69235,280.5254,279.13568,279.3982,276.42377,276.17743,278.09637,280.16727,277.7026,280.13992,280.37576,279.30957,281.86398,279.17535,278.94174
771,1914-04-16,281.6992,280.75195,280.30566,282.7448,282.84064,282.8483,282.6956,282.2012,282.54337,281.18295,281.0843,282.8159,281.94385,282.42987,281.20023,281.28125,283.5615,281.2618,281.5235,280.72818,281.04507,278.40607,280.86505,279.6241,282.0587,279.54297,281.54413,281.5055,280.89117,282.19995
772,1914-05-16,283.779,284.22055,282.26813,283.62878,285.0401,283.17853,284.40826,283.024,283.33078,282.76797,284.48715,284.02136,285.18433,284.16623,283.29828,283.72708,283.87372,283.91928,283.80078,282.3114,282.5802,284.7499,283.56003,282.53088,283.67783,284.38483,284.72293,283.80927,284.2119,282.58667
773,1914-06-16,286.52655,285.8832,285.5976,287.40863,286.64755,286.68692,286.8496,285.18042,287.41293,288.15146,286.27975,285.7429,287.74475,288.51282,284.99014,286.94165,288.1032,287.6247,286.54416,285.94095,285.74182,287.1356,286.99567,286.61392,286.6344,286.11435,287.5626,286.82184,285.91614,286.21564
774,1914-07-16,288.0524,288.7187,288.6984,289.1224,287.85782,287.5506,288.12405,287.74628,289.32794,287.8832,287.93762,288.12943,288.04214,289.81485,287.25742,287.88412,287.6388,288.55865,288.37344,287.47943,287.7234,288.12802,289.24146,288.15967,288.9323,288.43994,288.4564,287.69803,287.40533,287.85034
775,1914-08-16,288.47348,288.94775,289.52643,289.73914,288.02063,288.81488,289.2309,287.83838,288.84006,288.88812,289.9801,287.81583,289.0495,288.82388,287.62344,288.30087,288.90637,289.30502,288.66592,288.28964,287.1442,290.1248,288.6058,287.89615,287.54303,289.09305,288.98013,288.86664,289.01544,287.8008
776,1914-09-16,287.29074,286.56805,288.89114,288.09985,287.9759,287.87885,287.32288,286.51996,289.91254,286.6172,287.38632,285.84476,288.20236,286.9681,286.57965,288.19257,286.87466,288.44928,285.6036,287.85992,286.68613,286.90167,287.11267,287.58737,285.47556,286.3672,288.1169,288.1561,286.86234,287.3429
777,1914-10-16,284.01462,285.22696,285.7512,286.22794,283.26196,286.1393,283.91827,283.63995,287.5199,285.91174,285.2079,282.9685,283.62997,283.9202,283.3708,284.17923,283.86484,284.3577,283.99887,284.96738,286.43344,285.71545,284.96335,284.32745,282.42374,283.99142,284.86237,285.05286,285.29422,285.6399
778,1914-11-16,281.86713,282.218,283.13635,283.52737,280.99838,281.51276,279.11298,282.5097,280.4574,281.64505,281.36224,280.52563,282.1248,282.7386,280.77457,281.2944,281.30246,281.82333,279.61185,281.75418,281.3972,282.35263,281.6629,280.38644,281.35455,282.98688,281.66055,283.33316,282.33398,282.1559
779,1914-12-16,281.05414,278.74042,279.0803,281.09592,279.2391,276.562,280.41684,279.17105,280.82785,279.11688,280.784,280.36377,281.21042,278.78485,279.55762,280.1207,280.3697,281.2185,278.48932,279.80896,279.8098,281.12247,279.5086,279.44177,278.94403,280.60947,281.57785,276.49493,280.44138,280.36072
780,1915-01-16,277.6161,279.30963,280.14886,279.25528,279.37146,274.66785,277.33737,277.2045,278.28,280.65137,278.5017,279.5152,279.68872,277.8901,280.79428,280.8153,279.78647,278.8227,278.40195,279.261,281.0829,276.7871,275.62512,279.9408,278.0186,277.1652,281.38745,277.8009,280.25888,280.12335
781,1915-02-15,279.43726,279.7743,280.3991,278.17813,280.52185,277.73657,279.8601,277.48077,279.99893,279.36508,279.95154,280.36255,278.9904,279.96704,275.57153,278.56903,279.6053,279.25284,278.57794,278.37823,279.25385,276.14142,277.31116,278.16473,276.63156,278.76126,280.39685,276.3951,276.78998,279.12183
782,1915-03-16,280.35156,281.0173,280.64993,280.26727,280.72916,280.22226,282.08072,278.2023,281.39133,280.32852,280.33142,281.12302,280.05667,281.06125,280.4834,280.85806,281.21643,279.72598,279.20908,280.65384,279.50342,278.61203,277.14783,282.01233,279.63763,280.1278,278.19858,279.94778,278.08835,279.39023
783,1915-04-16,282.17532,282.87265,282.18683,281.58237,280.98004,280.84595,283.50092,281.7994,280.68686,282.36548,282.5765,282.31317,281.34985,281.5849,281.45142,281.4933,281.27362,281.55783,280.90482,283.27133,279.04105,281.98212,280.69647,280.96817,282.1527,281.11786,279.03708,280.0046,280.7218,283.88937
784,1915-05-16,284.33182,284.19437,282.8649,284.05618,284.4206,285.96796,285.69965,282.78836,284.2783,285.95862,285.9621,284.1831,283.86804,284.524,283.31992,283.30798,286.4984,283.61377,285.0351,284.42108,282.24097,282.9894,282.64728,285.07962,285.37442,285.5221,283.22513,283.32025,282.1619,283.30344
785,1915-06-16,287.84738,287.42673,287.25928,286.65695,288.685,287.20285,287.6316,287.27475,288.21896,287.8823,287.18164,287.24487,290.63547,287.35733,285.7634,286.9095,286.40067,288.86658,286.46667,285.6734,286.6557,288.32928,286.61536,288.5057,287.28186,288.11047,288.1476,287.23618,284.27795,288.45166
786,1915-07-16,288.8743,288.5677,287.13333,287.3837,288.05685,288.12347,289.5912,287.57382,287.21155,287.92062,287.58496,289.10263,288.30963,287.90292,285.99805,288.14117,289.11267,289.79437,286.91586,287.22977,287.91455,287.66425,287.7524,288.49078,289.08655,288.92935,287.7274,289.41946,288.2395,288.68448
787,1915-08-16,287.97705,288.2888,289.05264,287.75607,288.02786,288.94742,288.68445,287.46967,287.6227,289.15152,288.20325,290.86084,289.49063,288.20096,286.6528,289.20084,288.64246,290.1235,289.0545,288.4113,287.98685,288.02042,287.94006,289.15414,289.62506,288.47833,289.61304,287.61115,288.4479,289.9236
788,1915-09-16,288.91983,288.26352,288.5494,286.74738,285.97656,287.99612,287.2272,286.37244,287.07202,287.75638,286.5405,288.268,287.3194,286.21915,286.26846,286.89673,287.61264,287.29303,287.42105,286.74158,287.7139,286.35983,286.9743,287.45575,287.36032,286.68466,286.36304,288.10693,286.7684,287.4109
789,1915-10-16,286.16974,285.9058,283.62595,285.79144,284.45154,285.85764,285.6486,285.57346,285.8644,284.26242,284.3313,283.96295,285.25372,283.6839,283.5237,285.4978,285.21753,285.0684,284.12512,283.61795,283.96185,284.00082,285.8322,285.11505,285.31622,285.58273,284.5482,282.62732,285.3547,282.76016
790,1915-11-16,283.9512,280.66992,279.6986,282.86484,281.89566,281.99084,281.06738,281.56778,282.64758,283.67484,281.75595,280.33545,281.94238,279.81625,280.66678,281.48117,281.3294,281.863,279.2523,282.61127,279.79007,282.51636,282.70197,280.1614,281.8525,282.92212,280.4652,282.58734,281.8489,281.5991
791,1915-12-16,280.72324,281.49857,280.6716,278.49396,278.61664,280.06503,277.15134,279.98636,281.9952,279.4846,278.85825,277.36954,279.02344,279.54135,277.04846,278.20697,278.33282,279.25253,279.70673,281.46155,278.68277,279.3007,282.98123,278.3928,279.11868,280.81793,278.97968,280.42316,280.6411,281.75937
792,1916-01-16,278.6654,280.48868,279.86584,277.6603,278.43777,281.5546,279.0992,280.44656,276.3582,278.33038,277.9341,272.9012,279.11072,276.5884,278.46698,281.1802,279.05057,278.15982,280.58417,279.87512,278.08987,280.207,279.4811,274.46353,278.7342,275.8008,279.0673,280.0514,278.8192,280.818
793,1916-02-15,276.2856,279.8045,279.1981,277.0063,278.19006,278.66238,278.9784,280.3102,277.34885,279.8189,281.47882,278.50342,278.89282,276.91293,278.4781,281.0436,279.90662,276.0523,280.18054,279.30154,279.20395,279.76816,278.59576,276.9645,278.49112,278.77057,278.46204,278.75275,280.80396,280.41757
794,1916-03-16,278.71494,278.38666,278.64316,279.77036,280.01715,279.89297,279.94662,281.41846,278.89035,277.47275,279.34836,278.629,278.9965,277.06738,278.2056,278.42807,279.51733,280.36978,279.87408,281.22433,280.41257,281.5133,281.19815,279.24887,281.57916,279.4825,278.42914,279.41226,280.89197,280.99866
795,1916-04-16,282.0582,282.3432,281.51694,282.27914,282.83163,281.5239,281.52408,282.23758,281.22983,280.42157,280.4293,278.79153,282.66483,280.89383,281.81525,282.89676,279.43378,281.74268,280.79984,281.83795,283.15103,281.90677,283.24313,282.0692,281.04138,279.74847,279.80386,282.8062,280.21057,280.40057
796,1916-05-16,284.3442,285.88004,282.9184,283.82718,285.0504,284.71008,283.9867,284.71643,283.82416,284.97913,282.44748,283.94208,284.94702,283.26688,284.24796,285.19122,284.9482,284.801,284.8799,283.1012,284.39117,286.1154,283.24646,283.32742,285.07126,282.38644,283.8873,283.80417,283.38696,285.44055
797,1916-06-16,288.54984,289.20285,286.2214,286.46988,286.50983,286.77756,287.75916,287.7094,288.51794,286.4453,286.83142,289.3426,287.27078,286.8473,286.04718,287.69223,285.45993,288.29803,286.82437,287.43277,288.34644,287.759,288.4729,286.77948,289.19128,286.81708,286.63818,286.53793,285.6182,286.37802
798,1916-07-16,289.3274,289.43613,290.26654,286.7061,290.1027,289.88104,288.8859,289.81107,287.7835,288.02057,287.37094,291.01807,287.77448,288.7412,287.64822,288.57535,287.45502,287.72708,286.89334,287.56076,287.88812,289.54364,287.22717,289.15887,288.38058,288.43243,287.5545,288.7914,287.4391,288.03934
799,1916-08-16,288.18854,287.93274,290.06976,288.5932,289.29956,287.77423,287.8787,288.55048,289.32565,289.67374,291.27466,289.53134,290.46494,290.33044,289.6261,291.09256,288.8135,288.6672,289.2915,288.84644,288.33533,288.30377,286.74158,288.92737,288.02475,289.0338,287.9805,288.28183,286.7321,289.07397
800,1916-09-16,286.89813,287.3129,287.53937,287.51624,288.00793,286.87497,288.3474,287.59732,287.91602,287.09766,289.30396,286.3128,288.06744,288.52783,288.07025,286.0624,288.39197,287.7397,287.69324,287.32895,286.15372,286.84836,287.26764,287.89514,288.5857,287.8816,287.14746,286.82983,287.45868,286.90433
801,1916-10-16,285.08136,284.4998,284.96454,286.188,284.3225,283.67615,284.86084,285.561,282.8213,285.9476,284.99585,285.44012,285.71417,284.13068,285.95203,284.0284,283.32278,285.09457,285.7192,285.70605,284.85156,285.9796,284.29132,284.254,285.18335,284.6954,283.2033,283.4202,284.20816,286.2784
802,1916-11-16,283.43738,281.27875,282.12247,283.56888,282.68982,280.8431,281.6944,281.5381,280.10126,282.16266,282.3603,281.99854,283.98264,282.2631,283.08325,280.9128,282.47714,282.721,283.63696,281.96494,281.1929,283.02524,282.73395,282.61298,281.74155,279.70663,281.97247,281.15692,283.36575,282.26138
803,1916-12-16,280.33768,279.85947,279.81277,280.98032,281.26447,280.10773,281.36594,279.86047,278.79413,279.1845,281.1256,277.9206,280.83893,281.20584,282.55798,278.74005,282.3901,279.44818,279.87012,280.46487,279.2343,280.58807,279.66205,279.18723,281.426,280.31027,278.28403,277.8309,279.59552,279.95538
804,1917-01-16,279.66275,279.13467,278.30374,279.0714,277.88373,279.28555,278.07446,279.9467,278.8962,280.48834,277.68677,278.8572,279.7132,279.81705,280.57138,273.97397,279.52722,279.73834,277.1373,280.4462,279.7069,278.2482,279.1659,273.88834,280.14334,277.9427,278.72723,278.18283,276.85455,279.29672
805,1917-02-15,277.73398,280.04276,277.5439,279.81088,278.0025,279.33432,280.84912,279.50375,278.46292,280.34204,278.43124,278.63156,279.20782,280.13614,280.13834,280.21478,277.1495,279.06302,278.356,278.2556,278.9451,281.40372,280.17706,273.41385,279.4907,275.18088,278.6901,278.96423,277.60016,278.50296
806,1917-03-16,280.0672,278.95404,281.18777,281.9082,278.9364,279.36157,280.52023,281.102,278.7661,278.93268,279.11075,280.19153,279.7965,280.64334,279.97467,278.02924,280.31247,280.5332,280.58313,279.738,281.76355,280.62933,280.78687,276.3599,280.9747,278.82498,279.7881,280.3387,279.82706,281.72723
807,1917-04-16,282.37906,280.43008,281.60565,283.14273,280.36142,281.41745,280.4898,281.24756,278.06473,281.03604,282.05212,281.70657,281.5595,281.58328,282.97913,280.2835,280.3393,281.39383,280.93436,281.80112,280.28012,280.60168,283.65186,281.37292,279.68372,281.54233,281.13403,281.08432,283.07913,281.2237
808,1917-05-16,286.869,285.55658,283.33316,286.53174,283.22974,284.16336,282.41394,282.5545,282.38184,284.20917,281.30322,284.66776,284.10413,282.26907,283.77222,285.78577,283.29364,285.04868,285.50244,284.40823,285.73218,282.4182,285.5491,282.96393,283.84818,281.86346,285.9275,284.01923,283.794,285.3336
809,1917-06-16,286.78665,288.3967,287.59512,286.2965,286.5543,287.9457,289.70352,285.997,288.08066,285.45477,285.39102,287.1065,288.13583,286.92413,287.854,284.96582,286.60477,287.47943,285.64005,288.00964,287.0411,287.37772,289.54913,286.35422,288.39746,286.10828,287.59973,288.17126,287.0943,287.75223
810,1917-07-16,289.01663,287.8963,287.02277,288.08902,288.18442,289.67795,287.66296,287.07355,288.53183,287.61774,288.65198,287.23917,289.73962,288.14136,289.16315,287.57758,288.45584,286.98038,287.27655,288.0554,288.30298,287.83838,289.34528,288.7266,288.93527,288.06366,288.25745,288.62772,288.6783,289.13303
811,1917-08-16,287.7012,288.31412,288.48605,288.84595,287.8995,288.88855,289.4041,287.7637,288.62863,289.26428,289.68442,287.62302,290.41614,288.53604,289.84744,288.0036,288.87656,287.86868,287.6938,287.9633,288.73474,289.0257,288.43378,287.72946,287.6669,288.42566,290.96945,289.50284,287.75305,288.52908
812,1917-09-16,286.63065,287.1458,287.57693,286.80884,285.59824,288.06076,287.7603,286.08908,287.26453,286.5348,287.7515,287.16537,288.28784,288.10748,288.5509,286.51492,287.813,287.36,285.624,287.84406,287.2522,286.6534,286.62003,285.49506,287.17023,287.6357,287.14853,288.6112,285.41653,287.96417
813,1917-10-16,286.0415,284.78882,282.7195,284.00583,284.60492,285.54968,284.4686,283.412,285.19452,284.57483,284.91086,285.48743,285.04544,284.99774,286.60254,283.19092,284.15848,285.26978,286.2315,284.5193,286.0205,285.0173,284.55884,284.6023,282.35538,285.71188,286.6217,285.28818,283.90408,285.3594
814,1917-11-16,282.59592,282.5687,282.46075,282.69498,282.66434,283.17084,281.1085,280.31232,280.26913,281.50223,282.65707,282.0629,283.1339,280.7362,282.67337,281.89886,281.5527,282.4265,283.55902,281.0444,281.98566,282.39194,280.61465,281.9488,281.5171,281.2826,281.55713,282.01105,282.44427,281.27032
815,1917-12-16,279.85806,281.12732,279.2752,279.41888,280.52365,279.47495,280.47342,279.9859,279.61896,278.64813,280.70697,278.78952,281.57898,279.90463,280.6587,282.73486,279.7522,281.7381,278.25745,278.14178,280.23,281.52365,279.97415,278.1214,280.17654,279.29813,277.58743,280.0998,275.9153,279.2872
816,1918-01-16,279.7254,280.3468,276.10593,280.4526,279.34473,278.29807,277.6925,278.02206,275.6752,277.3888,280.08237,279.32162,279.373,276.67953,278.61926,279.37943,279.97797,278.86194,281.31976,278.35962,278.59595,277.2375,277.6582,279.23425,278.5185,276.8754,278.17383,273.37897,279.73764,279.3441
817,1918-02-15,278.43338,278.24045,279.21753,280.4098,278.23685,278.28687,279.4111,278.18152,278.6737,279.34268,279.4365,278.18997,275.93286,277.531,280.29056,280.33475,278.21982,278.82892,279.44638,280.0338,280.79022,277.0387,279.29584,275.9114,277.06195,279.06445,277.1547,279.70364,278.42673,278.12094
818,1918-03-16,278.62878,277.65457,281.4465,279.75534,281.8675,279.33875,279.4999,280.0557,279.08185,279.6507,280.9635,279.85568,276.92902,278.1048,281.24832,280.01822,280.82895,279.7322,279.16577,281.12558,279.82053,278.0476,279.07935,278.65457,278.72983,276.57355,281.3519,280.2046,278.34674,280.78836
819,1918-04-16,282.63272,282.1936,281.06137,281.40634,281.62445,282.21158,280.43164,281.17734,282.65646,282.3121,282.90414,283.15457,283.247,282.29047,281.7449,282.7456,281.20804,280.65884,280.59607,282.11902,280.0,282.15543,281.3613,282.06473,280.94165,279.0078,281.73856,282.90317,279.54327,280.9601
820,1918-05-16,283.63763,284.68024,283.11597,284.46002,283.2841,282.7075,285.19373,283.3251,283.50928,285.11414,284.00974,284.8298,284.13422,283.56934,282.29434,285.24567,284.32623,283.97507,284.21045,284.07086,285.0642,281.97354,284.7127,286.6497,284.13394,283.3233,283.25238,286.42285,283.99408,284.95767
821,1918-06-16,286.29434,285.76807,287.99118,287.09595,286.23376,288.76,287.2917,286.12122,287.5892,288.00504,287.60205,287.10022,287.85544,285.72354,286.7052,286.61743,289.00256,289.48392,287.09586,288.04028,286.51407,285.41214,287.86853,287.44876,283.13223,287.20987,285.91248,287.13434,287.35278,288.27722
822,1918-07-16,288.32297,287.00153,287.84982,288.90515,290.809,288.0458,289.99454,288.381,289.00186,289.1406,287.8165,287.23853,287.98,288.30795,288.72006,290.00626,288.88483,287.08752,287.76028,288.7886,288.8685,287.26013,289.80322,288.03897,288.35788,287.60706,287.38043,287.853,287.5327,288.51663
823,1918-08-16,288.04034,288.34818,287.5937,290.25198,288.82147,288.51755,287.42868,287.13776,291.15967,290.0699,287.51984,289.0293,289.5527,287.96103,289.013,289.25665,288.85025,286.50018,287.7862,288.6443,288.54932,287.37827,288.25763,288.98422,288.5102,289.63678,288.50772,288.1474,288.1959,287.68198
824,1918-09-16,286.93555,287.0653,286.52686,288.2867,288.25912,286.4579,287.87582,287.12512,287.55917,287.63226,287.51428,287.99033,288.24976,286.57263,287.24728,287.81592,288.11737,286.9977,286.634,287.88467,287.8912,288.28345,286.89752,289.42032,285.75842,287.38715,286.45142,288.36884,286.8071,286.02335
825,1918-10-16,285.71774,284.3602,284.45123,284.85324,285.69077,286.1059,285.32794,283.99606,285.45026,284.6807,285.90784,286.66153,284.58264,284.56815,283.74313,282.9339,285.92825,285.2823,285.16934,284.9084,284.08463,284.74597,282.66953,286.3728,283.65414,283.20013,285.17776,286.1704,283.09787,284.82562
826,1918-11-16,282.0513,280.42087,281.7024,279.3385,281.374,281.23856,283.404,279.3999,280.69794,281.3265,280.92352,280.99808,279.07947,282.05054,282.0312,279.46198,281.51352,282.08698,281.45462,282.089,281.49112,283.14606,280.32166,280.94858,281.42145,281.0492,281.84912,282.94968,282.46515,283.82278
827,1918-12-16,280.8781,280.61884,278.98993,278.1938,279.30515,281.33493,281.17657,281.95248,281.44186,280.4331,280.20557,278.49643,277.10446,277.65738,280.23172,278.95337,278.80603,280.3184,277.79544,279.47568,280.73633,278.2811,277.89627,279.96548,278.8011,279.3698,278.3882,280.63135,279.88632,279.18405
828,1919-01-16,280.31168,279.8177,279.3753,278.69742,279.3392,278.68954,278.42178,278.6186,279.40012,278.88913,278.33594,276.18848,277.71844,273.6019,279.3198,274.0096,277.42737,278.76672,278.74664,278.45398,280.47028,274.49918,278.95566,276.63385,277.47894,279.3775,276.09894,278.3879,278.86673,279.54443
829,1919-02-15,280.5615,279.95804,278.7666,278.89322,277.3003,275.4537,279.44302,279.69965,278.9493,280.0886,279.58582,277.31793,279.50296,277.71033,278.5053,276.06137,279.43887,277.7848,277.62662,279.7384,279.39566,275.79468,277.90854,279.59863,277.4944,281.06943,278.85406,277.5855,276.33463,279.79355
830,1919-03-16,277.1518,279.76968,280.52792,279.71487,277.96634,279.78802,278.7304,278.8666,280.49817,281.57742,280.4346,276.79788,280.53854,277.72415,279.75812,279.66037,279.11368,280.51984,280.8281,279.84964,278.78424,279.02847,278.93118,280.7996,274.46945,280.55634,281.03876,278.46625,279.72342,277.13654
831,1919-04-16,281.43008,282.385,282.43832,282.44006,281.8604,281.28568,280.6382,280.44858,281.92288,282.20227,281.13596,281.23224,281.70688,281.1603,281.81348,281.84116,281.2693,283.7074,280.64893,280.55853,280.58856,280.30676,281.9026,281.70404,279.419,282.4725,282.27267,282.02005,282.92746,279.0121
832,1919-05-16,283.37155,283.93103,283.97052,286.12903,284.13254,283.14276,284.23877,283.40707,284.82056,286.36005,282.46417,282.94336,284.23636,283.1484,284.37183,285.06912,283.80832,283.0773,283.72302,283.18533,283.59302,285.57623,283.50583,283.04047,283.64124,283.90744,284.09695,284.10812,283.50378,281.91144
833,1919-06-16,286.56912,287.8996,287.25146,288.91745,286.7557,287.95,286.81232,289.2794,286.55457,287.4899,287.4347,286.3956,285.945,286.92108,288.18958,286.68927,285.9035,286.76978,284.79257,286.8759,286.5894,287.00888,284.8705,286.1782,285.19162,289.30328,287.37033,286.38104,286.29636,288.58932
834,1919-07-16,288.85144,289.2488,287.7057,290.09845,288.09595,288.94183,289.42816,289.18997,289.04282,287.98553,288.767,287.2624,287.28677,288.45355,288.65234,287.40735,288.0649,286.99792,285.8668,286.87854,289.63968,287.8743,288.82315,288.9656,287.58914,289.366,287.26932,288.26688,288.95633,289.21893
835,1919-08-16,289.51675,288.76328,287.78308,290.25183,288.18167,288.62976,289.32385,287.5727,288.16498,288.72327,290.2566,287.97015,288.55524,289.00836,288.27124,288.29797,288.19055,288.23337,287.18457,288.00415,289.95425,288.66223,289.79688,288.69885,288.07153,288.11557,287.90454,289.0509,289.29257,287.72995
836,1919-09-16,287.6538,288.47955,287.18933,288.10883,287.15796,289.0064,287.2698,286.31897,288.702,286.45535,288.1166,286.94666,286.74966,287.06815,288.2815,286.39774,288.0211,287.16956,287.23462,288.2468,287.86346,288.73703,287.65842,287.30167,287.47913,286.0622,286.91003,286.9541,286.50455,286.38602
837,1919-10-16,284.98117,285.14252,283.56546,285.75177,283.38287,286.72888,284.83182,284.24164,284.63797,285.4043,283.94205,285.0552,284.89737,284.12952,285.635,286.57104,285.68533,285.05896,284.06558,284.46347,285.77795,285.96335,283.41327,285.14642,285.0403,283.73108,283.8849,284.38702,283.8206,284.44977
838,1919-11-16,281.46396,283.38394,282.99335,283.21713,282.49323,284.25726,280.48178,280.34174,281.96243,281.84256,281.23633,284.75873,282.70016,280.15646,282.24316,283.45465,281.5264,281.032,282.53635,280.92307,282.36435,283.08557,279.66364,280.8357,282.425,282.0713,283.4634,282.54193,280.92526,281.4095
839,1919-12-16,280.14554,280.32996,278.12827,280.65457,278.9909,281.59702,276.6183,279.92276,280.8346,280.65805,279.5203,279.53775,280.2297,276.49332,282.4549,280.63712,278.1522,279.95258,280.90497,281.4967,281.04803,281.61053,276.17102,276.7213,279.9413,279.9162,278.4021,278.5179,275.94342,279.6133
840,1920-01-16,278.7937,280.4488,277.51776,279.5776,279.3042,276.9882,277.9085,279.71445,278.86203,278.2721,278.43634,281.20554,278.83862,278.02658,279.32352,280.85114,276.85062,277.56866,280.46094,279.4466,279.46716,278.75754,277.86346,276.76633,281.89392,278.89996,278.32947,279.72403,278.4516,275.31595
841,1920-02-15,275.296,277.83112,277.358,280.60403,278.4143,276.77286,278.08615,279.60507,280.64667,277.89313,278.29785,281.80896,276.13245,279.04587,279.43695,280.41443,278.24866,276.4892,279.38867,279.56,276.23557,278.4724,278.0556,277.6449,281.7053,280.13748,279.47607,279.19644,276.2741,277.4587
842,1920-03-16,281.22778,280.15775,279.37717,280.95612,280.93536,276.17795,278.29285,279.90176,281.58206,277.956,280.61517,281.7822,278.2527,280.7529,279.15186,280.45407,278.23383,278.28772,280.57123,281.62244,280.32794,279.621,280.6561,277.76974,281.32086,279.83713,282.1534,281.89798,281.1143,280.45905
843,1920-04-16,283.3916,282.98004,281.0434,282.06772,280.77432,279.53464,281.32172,280.85617,282.99304,281.30475,281.60706,282.82364,282.9857,281.6567,282.3211,280.81204,280.72812,281.53223,283.33105,282.41803,281.9516,281.62924,282.05118,279.2511,281.64453,283.58188,282.28696,284.46756,282.8212,280.08243
844,1920-05-16,284.23154,283.3851,283.25665,284.93903,283.3554,283.4314,283.05743,283.96295,284.39545,283.5469,282.64276,285.54355,285.77997,283.28644,284.93835,284.54797,284.74332,285.7538,284.0477,287.12033,284.15317,284.56894,283.3627,283.23367,284.72336,282.5505,284.53845,283.72098,283.7035,283.40735
845,1920-06-16,287.68466,284.59167,286.25638,286.61572,285.51923,286.27798,287.1042,287.8637,288.4905,287.9947,284.73987,288.2975,285.837,286.0486,286.04218,287.55502,286.65225,285.40192,287.23026,287.3914,286.4897,286.3794,286.2693,287.21408,286.79962,287.43442,288.54776,287.44287,287.74863,286.1891
846,1920-07-16,288.7684,285.81232,287.14755,290.58167,287.10394,287.37363,288.73264,287.9849,291.33688,287.11548,287.264,290.20026,288.1009,289.87158,290.27945,287.9096,288.26337,287.39883,288.02063,288.2164,289.10052,288.07156,289.19708,289.62747,288.53464,289.46216,289.81308,289.45593,291.49457,287.83463
847,1920-08-16,288.64078,287.04434,288.45126,290.19223,289.7657,288.40384,288.31244,287.6643,289.4994,288.3553,287.65228,287.31192,289.42807,289.13766,289.03366,288.89056,286.88065,288.1208,290.25702,288.6732,287.5389,288.40927,287.13434,288.13843,288.17822,289.53558,289.42496,288.97537,289.83234,289.0096
848,1920-09-16,287.3135,285.0511,288.2469,288.1593,288.8187,288.2355,287.69418,286.5327,287.5188,287.05243,287.4227,286.05475,286.6702,288.01788,287.04715,286.40213,287.50674,287.44122,287.7322,287.9303,287.2122,286.66705,286.54028,287.85892,288.27704,287.10977,286.31528,287.99454,286.94464,287.2678
849,1920-10-16,284.70645,284.83426,285.441,285.48068,285.00763,285.71445,284.14673,283.2874,283.61826,286.2121,284.72098,285.28217,282.98862,285.04938,285.2908,283.29828,285.48993,285.9005,284.37155,285.03995,284.70352,283.7319,285.76166,286.074,282.83942,283.40387,282.98575,286.19388,284.6259,283.63715
850,1920-11-16,281.8891,282.07364,282.25488,280.86475,281.4688,283.5576,283.18964,282.13538,281.02777,282.23672,281.74484,283.53238,278.9916,279.73196,282.0503,280.44003,283.59164,283.26468,282.5253,281.59048,283.15268,281.33252,281.38297,281.56247,280.02737,282.30322,280.3905,281.8151,284.06985,280.30225
851,1920-12-16,280.24823,278.77094,281.29956,279.09305,277.2803,279.14035,279.87943,281.14923,279.84897,281.10364,281.789,279.3363,281.6236,277.97827,278.775,279.3376,280.5403,279.75858,280.21484,281.33347,280.26077,278.80222,278.56256,279.71786,277.61053,281.43558,279.9104,279.37823,281.663,280.75595
852,1921-01-16,277.37082,277.3148,279.36075,279.08252,279.83774,278.9309,278.42307,277.85434,279.72195,279.35608,280.19064,279.735,279.12927,278.62585,276.3354,276.92264,281.07996,278.51636,278.3306,279.2717,281.48746,278.22803,279.39716,279.73514,279.14,279.18887,275.0769,276.8257,278.95752,278.94366
853,1921-02-15,280.09888,278.2948,276.27777,281.31195,280.1604,277.79825,278.79877,278.3692,279.2249,280.50568,279.14496,279.75827,279.34796,274.96756,278.17114,278.1142,280.57022,279.9344,278.494,279.26688,273.6937,278.5773,278.55872,280.8697,279.3734,274.86133,275.71854,278.6698,279.20322,279.4194
854,1921-03-16,279.77982,279.8912,279.41113,282.71445,278.75082,278.2982,280.452,280.56744,279.74152,279.08002,281.91342,279.5134,279.1194,275.8956,278.56137,280.1664,281.3065,282.33606,279.20468,281.41537,279.18753,281.5482,277.53876,277.2318,280.45224,278.98703,280.11105,281.23486,279.7706,280.60556
855,1921-04-16,281.53925,281.98233,280.94644,282.07233,282.93137,277.7886,283.1109,281.58698,280.18423,281.80206,280.63892,281.09424,279.3745,280.01352,279.67133,281.73096,282.21066,281.76495,279.5003,283.12048,282.37973,282.9624,282.0397,280.72287,282.4225,279.60117,282.22906,281.5011,280.0998,280.5546
856,1921-05-16,286.12024,284.10883,285.67038,282.90863,285.0547,283.10153,285.1673,284.19882,284.30618,283.74527,284.73746,284.45825,285.12497,282.76074,284.1579,283.8641,283.9081,285.66867,284.51968,284.9427,283.87448,284.83463,284.6239,283.21094,283.70673,286.1335,284.67993,285.006,283.7881,285.09167
857,1921-06-16,288.59235,287.30936,288.24734,285.66754,288.5793,286.28757,286.5042,286.418,285.06885,287.30408,288.59613,287.78912,288.78455,286.14642,285.90167,285.6109,287.52213,287.31073,287.5145,288.04852,286.87775,288.0122,289.72815,287.74365,286.73157,287.0483,285.4934,288.51083,287.77936,287.3961
858,1921-07-16,289.22308,287.9373,288.7135,288.35986,289.5874,288.47986,288.3153,287.53195,287.84686,289.48135,288.58194,287.9454,287.24347,287.95374,288.02756,288.3256,289.20773,289.9967,288.55432,288.44778,288.161,288.00418,289.16476,287.8815,288.97556,287.51297,287.68396,287.9291,287.1815,289.03357
859,1921-08-16,289.29587,289.85205,289.45328,290.1149,289.86603,288.9577,288.81497,288.31226,288.92694,287.8548,290.00232,290.39954,289.25876,290.07285,289.46826,288.45877,289.53906,289.34183,288.29547,288.86755,288.70963,288.22614,289.35278,288.6808,288.50046,288.4361,288.69644,290.99734,289.04163,288.3841
860,1921-09-16,287.30273,288.18585,287.49878,286.07965,287.72388,285.8766,288.1197,287.12704,288.11215,288.34918,287.47827,287.96466,287.2291,287.80722,287.97852,287.7641,287.31274,286.28162,288.64166,287.53693,288.08917,286.02036,287.23053,286.40134,287.73132,287.5102,287.13263,288.42438,286.15976,288.1755
861,1921-10-16,284.48105,284.70856,285.07474,283.8923,284.75757,284.30966,285.41504,283.9698,284.5708,283.585,285.02896,286.42603,286.95105,283.94238,284.49316,283.6676,286.0352,282.4774,284.49728,285.1083,284.8224,284.07584,285.94772,285.2072,284.61072,285.72754,286.5047,284.77075,283.84116,284.6475
862,1921-11-16,280.20172,283.43195,281.78995,281.60626,283.68082,280.19214,281.75497,279.71182,282.05682,282.48593,279.21014,282.42328,282.19965,281.049,282.87067,282.53012,282.07544,278.47388,282.07858,281.0428,281.4087,282.604,283.14978,283.047,280.9587,282.06305,283.47357,281.5465,279.7824,281.5391
863,1921-12-16,280.50922,280.99683,279.65906,282.1412,279.2357,279.59784,281.03342,279.29092,278.19492,278.5413,278.41714,281.37897,280.92044,278.78415,282.58612,280.92697,279.3404,278.39734,277.5084,280.99423,280.9941,280.93362,280.1262,280.64124,277.73862,281.12216,282.1528,280.68777,280.1928,280.2222
864,1922-01-16,278.57446,279.8401,278.37088,278.62524,278.598,278.233,280.45932,279.80353,279.7289,279.20218,276.02823,278.9905,279.35236,279.52515,280.87878,280.2774,278.59595,280.0873,280.0608,279.93668,279.67633,277.7732,279.4025,277.6422,279.0173,277.4695,280.5531,279.17,280.8309,281.5703
865,1922-02-15,278.56995,280.6205,279.77362,279.70383,279.0208,278.58734,276.55597,280.41,277.84763,279.98672,277.33618,279.60086,280.46204,278.45554,280.71793,279.61093,278.59933,279.19928,274.86835,280.12024,279.78894,277.77045,277.53308,278.41528,279.04007,275.09827,280.72723,278.02353,279.04868,281.41528
866,1922-03-16,279.4013,281.15,280.4774,280.16852,279.72568,278.08984,281.77835,278.72958,279.0864,279.08163,280.46597,279.57632,281.40536,277.2312,281.71637,278.61887,282.00705,280.35205,277.64453,281.3272,278.9946,279.31784,278.99728,280.38876,280.7967,279.00446,280.8586,279.46332,277.54398,278.4855
867,1922-04-16,281.7157,282.6325,280.94376,282.1726,280.5078,282.72476,283.37836,279.4325,282.65552,281.31772,282.49768,281.03473,282.05637,278.0447,281.5681,280.3532,281.58896,281.57474,279.42426,279.39023,283.70947,281.92816,280.964,280.4683,282.21735,282.2511,284.39175,281.4402,280.72516,281.3483
868,1922-05-16,283.1496,284.96088,282.92282,283.7985,282.99127,284.9862,285.54782,283.3573,285.831,283.57693,284.6917,283.47183,285.61853,284.40106,285.99405,283.37195,285.209,285.2998,283.5424,284.8836,284.74326,283.66797,284.33258,282.73193,284.10757,283.25034,284.9983,284.29254,283.01318,283.42636
869,1922-06-16,287.45435,287.54376,286.31146,287.8009,285.123,287.28226,285.91864,286.28763,286.12677,286.68048,287.72284,286.00027,286.57553,288.0839,287.8298,285.48584,288.98257,288.7575,285.57245,286.40677,286.49945,287.43808,287.1447,286.85156,285.9849,285.9384,288.1594,287.5194,285.8865,287.11053
870,1922-07-16,287.37292,287.1171,288.54703,287.3605,288.11267,287.66644,287.00644,287.6867,289.1083,288.0881,288.42996,288.1625,289.37463,289.19876,288.1477,287.29758,290.1608,288.4284,288.8686,289.2094,287.5067,289.4486,287.98523,286.6718,287.86966,287.46167,289.14496,288.97247,290.01453,289.70352
871,1922-08-16,289.24707,289.1532,289.14258,287.07523,289.3518,288.30963,289.0637,287.9292,289.95294,291.3312,288.63083,289.30173,288.83005,288.02692,287.6014,287.47028,290.6122,288.54224,287.84348,288.10822,288.70145,288.84103,288.05145,286.70944,288.1319,288.8726,292.41174,289.0225,289.1587,290.52103
872,1922-09-16,286.247,287.50323,286.1664,285.498,288.22647,286.60184,287.9371,286.10815,287.34412,287.3748,286.58438,289.5131,288.89108,286.82907,287.6034,287.27432,288.25415,287.64432,286.17282,287.90555,287.3826,288.42474,286.56448,287.59442,285.40424,286.38293,288.5603,288.1242,286.70395,289.1421
873,1922-10-16,284.38565,285.43494,284.13632,284.1983,283.87494,283.7396,286.04105,285.79672,285.38174,284.40448,284.52347,285.32925,286.27667,284.50644,283.2198,283.79788,286.59677,285.23126,284.5989,284.4039,285.36813,285.25763,285.1655,283.56506,283.79453,283.74997,285.4826,283.72476,283.76447,285.97556
874,1922-11-16,283.91708,281.60117,282.42493,280.62653,283.81125,281.95035,280.61816,283.15094,283.4563,283.32086,280.8214,282.0078,283.36798,281.9751,280.0933,281.41678,282.89722,281.48065,280.43558,281.0334,284.1738,281.91653,280.88876,281.26163,281.82718,280.75247,281.84937,281.99664,281.91144,282.41275
875,1922-12-16,281.71268,279.11108,280.6372,279.79706,277.66937,280.16815,278.351,280.2161,280.0466,279.42215,279.67117,280.27988,279.5589,278.32635,277.00827,280.48776,279.37787,280.31644,277.99783,276.75525,278.9893,281.6231,279.04443,278.49493,277.96146,279.29465,278.75473,279.62827,278.85028,280.35788
876,1923-01-16,279.86963,277.201,279.8341,280.8905,279.0662,280.07172,280.82465,278.86987,278.68222,279.356,277.3805,278.58057,278.55573,278.3495,273.33304,278.52655,278.40952,277.62033,276.75082,279.55502,279.94873,281.4126,279.36237,280.36743,277.69608,279.61813,280.15033,279.17654,279.6035,280.07797
877,1923-02-15,281.6365,274.64777,275.08597,279.68607,279.0121,276.9554,280.8218,281.09894,278.6861,279.07294,279.0249,278.45996,281.73334,279.0528,275.36646,278.61548,278.6997,280.74954,278.59125,279.31757,279.42032,277.77753,278.41415,280.5214,280.26917,278.35352,274.60794,280.26187,281.17874,278.98486
878,1923-03-16,278.55777,279.0671,279.07202,280.06158,279.5452,280.36584,280.97693,281.1652,280.8545,279.41833,280.11606,279.92325,281.78497,277.91318,276.74884,279.5556,279.28625,283.02853,280.10788,280.28543,280.78824,279.12024,280.73288,281.89798,279.87073,281.02625,277.18088,282.1224,280.80777,278.65387
879,1923-04-16,278.93314,281.15106,282.44965,283.8902,279.4615,279.9637,281.85522,279.86722,283.56573,281.6882,279.62622,281.84805,283.2446,281.72348,282.25504,281.6852,282.63156,282.4426,279.22095,282.59015,280.3823,281.19693,282.09412,282.93857,278.07693,282.5257,280.72992,283.3849,280.81912,281.8049
880,1923-05-16,284.3644,284.1945,282.84384,284.36853,281.8372,285.91913,285.2139,282.7125,283.77744,286.8704,283.72885,284.84216,285.76016,283.9639,285.2857,285.62122,285.29044,287.82156,283.7719,284.57178,284.6173,286.05353,284.34546,284.68546,283.6279,285.05756,284.15552,284.82843,285.04245,282.24963
881,1923-06-16,285.97318,289.54797,289.23602,286.72723,285.86154,286.86557,286.8123,286.92795,286.02267,288.6222,284.94043,286.6615,287.32312,286.8406,287.4156,287.27423,288.15192,288.84537,287.07434,286.51794,286.71896,286.70096,286.73483,286.8173,285.59534,289.5986,289.0074,287.6301,288.32504,288.29556
882,1923-07-16,287.10803,287.49152,287.70746,287.20578,288.53415,288.4646,289.95703,288.25015,287.7582,288.1624,288.44913,287.5432,287.57413,287.32285,288.20267,289.17773,290.47128,288.12747,288.09375,289.8037,289.52902,287.82416,289.93002,289.16113,287.45648,288.77518,290.26062,288.93466,290.71652,287.54843
883,1923-08-16,287.93542,288.41977,288.07162,289.39282,289.1086,290.15753,286.90637,288.43842,288.43185,288.97632,288.04593,288.24545,287.71722,287.3324,289.45242,289.63452,290.16364,289.08026,288.23135,289.64178,290.59927,290.00098,288.6032,290.18414,289.65698,289.331,290.63852,290.82477,288.1483,288.6326
884,1923-09-16,287.22806,287.15485,285.8164,287.33932,285.94424,287.33777,287.67645,287.25784,286.81583,289.7121,285.45367,286.26797,286.38657,288.27182,287.74026,288.18445,287.39948,289.06683,285.34976,286.98587,289.25665,288.43683,287.45718,289.20538,286.94412,287.6953,287.69687,288.19122,288.0681,288.4123
885,1923-10-16,284.53906,284.6078,283.91275,284.9301,282.91577,284.37784,286.08215,284.60205,284.66235,283.97736,283.79062,285.40662,284.36105,284.12766,284.61273,285.1565,284.87686,285.70572,284.78976,283.60132,285.33154,285.3868,284.6943,286.10382,284.2841,283.41595,285.88544,284.50998,283.67242,286.1052
886,1923-11-16,280.6954,282.07263,281.8701,279.89417,280.54678,281.3711,282.6332,280.72806,283.2086,281.04575,280.13382,281.97296,280.12048,281.58215,281.44543,281.81808,282.8345,282.21863,281.94662,281.51703,281.8566,281.71567,282.5552,282.31735,282.5051,279.49768,283.33295,283.16693,280.87708,281.91025
887,1923-12-16,280.32806,278.2014,279.94443,278.10098,278.99872,279.82025,280.06104,280.95175,280.03693,281.00754,280.16953,278.73068,280.0338,280.3143,278.0883,280.73276,280.9643,279.00607,281.28873,281.34903,277.71167,279.296,281.28607,280.89667,280.31958,279.0734,280.21228,280.21323,279.5674,280.00162
888,1924-01-16,279.64178,279.3324,279.2525,280.32416,278.58456,278.38022,279.08743,277.05704,279.5233,281.46692,279.571,278.1773,280.10278,279.45026,278.78186,280.49738,278.60547,278.05338,278.58884,280.75592,279.67725,279.76422,280.86804,277.06784,280.61673,276.46222,279.5346,280.4789,279.93246,279.62494
889,1924-02-15,279.41092,276.07083,275.73825,279.04437,278.58054,278.44357,277.4076,275.84476,279.556,280.0855,279.81638,277.49356,280.96158,279.2691,278.67215,279.75552,277.86105,277.79626,279.10272,279.11386,278.73648,280.55087,280.72916,278.44528,278.67087,273.98642,280.21133,276.7526,276.68918,280.206
890,1924-03-16,281.49185,275.61884,279.99994,280.96497,280.41263,278.5814,281.2439,279.6551,273.69424,281.381,280.18307,278.829,280.20926,279.87143,281.49722,280.3784,279.22498,280.38916,279.68527,280.73306,281.63562,281.63583,280.80072,278.86432,280.63406,273.4554,280.14508,279.5821,279.0386,281.2336
891,1924-04-16,281.89377,278.25632,280.53552,282.20837,280.70276,281.0995,283.36237,282.95267,279.619,284.223,283.2534,277.13977,283.6493,283.119,281.36023,283.2825,281.91428,283.84656,281.19522,281.9253,280.42838,282.627,281.25415,280.12112,282.58044,281.38477,281.58484,279.73184,281.07956,283.36246
892,1924-05-16,284.5769,282.7097,281.90216,285.0998,283.91995,284.68436,284.33652,283.86618,283.45157,286.12036,283.26517,281.84586,284.54138,287.98758,282.46268,285.86572,284.7213,285.14487,283.00992,283.32202,283.7222,284.18985,283.25848,282.7259,285.14664,282.6317,284.2657,281.77396,284.38428,283.8874
893,1924-06-16,285.1627,288.12372,287.47437,286.228,287.8421,288.50003,287.13504,286.839,287.14026,286.80093,286.95972,287.50055,287.1614,288.10272,286.0204,288.8205,286.9409,286.5051,286.79926,286.72464,287.6789,285.10767,287.5575,287.03363,289.2442,286.23196,287.21188,284.84293,288.5269,286.1907
894,1924-07-16,287.91248,288.10477,288.5732,288.90964,287.39526,288.58542,286.5999,289.78888,288.59528,290.0853,288.9145,286.5795,289.01447,288.42462,289.436,288.47095,288.62042,286.45587,287.95135,288.85443,291.6044,290.02362,289.51395,287.29895,287.6516,286.71976,289.84146,287.78906,288.5519,287.86984
895,1924-08-16,288.22385,289.79263,288.67892,289.04224,288.23444,289.36206,288.11264,288.9137,288.60995,290.4341,287.34924,289.43484,289.25885,289.50723,288.6083,288.9112,289.3133,288.2519,288.37833,289.95834,290.6948,289.8639,289.406,288.99542,289.5727,289.00662,289.43143,288.37738,288.59454,288.138
896,1924-09-16,286.91916,287.91577,286.01865,286.37888,285.7024,286.74823,286.78943,287.34683,285.91394,286.5818,286.36682,287.11545,287.03445,287.0277,286.09265,288.62744,287.86115,287.0401,287.0984,288.82315,287.7243,288.09323,288.69165,287.9209,286.01117,286.01105,288.61447,285.96805,288.47415,288.0696
897,1924-10-16,285.71106,284.8826,284.036,284.76187,283.9926,283.95822,283.6109,283.00214,284.74292,284.97928,286.26328,285.24695,283.99466,283.7084,283.13257,286.05017,286.27515,284.7093,283.04846,285.1216,284.5209,284.78433,285.02753,283.0198,284.1485,285.1496,285.28476,284.4096,283.82666,283.4904
898,1924-11-16,282.80573,281.49423,279.16086,279.22958,281.72006,282.45862,279.76852,280.6452,281.06985,282.2838,282.11813,282.41925,283.35397,283.11594,282.2477,280.93015,281.89047,282.71933,281.2599,281.3008,283.13403,281.40433,280.41766,278.91406,282.41354,282.04648,281.53043,280.74042,282.84955,280.68243
899,1924-12-16,280.5763,279.30728,279.53305,279.42554,277.12518,279.45312,280.0276,281.0401,278.19644,279.62396,280.4079,278.3826,280.62186,280.1701,280.7012,277.19815,278.73544,280.20865,279.6988,279.73126,281.7911,277.0915,280.22223,277.54376,281.4366,280.28354,281.4025,278.9026,280.70535,281.00955
900,1925-01-16,279.3469,275.6651,279.95517,278.2784,278.56152,277.54034,280.88623,280.51404,278.38913,278.67667,280.25803,279.66174,279.804,278.65268,278.25806,278.95874,278.39383,278.3295,278.1977,278.52786,279.4438,277.6658,276.69492,278.37875,278.84497,281.5903,280.53357,276.0827,277.55713,280.74026
901,1925-02-15,279.0661,275.19333,276.9475,276.58377,280.9509,276.83484,279.80438,280.28824,279.63525,278.24362,279.83652,277.50943,280.52078,278.71463,277.43243,276.7056,279.33652,277.40897,278.38953,281.24927,280.46674,279.25613,278.80334,277.8992,279.98117,280.35175,280.86853,276.1691,279.20786,280.08127
902,1925-03-16,280.2479,279.56747,280.01974,278.7243,281.2141,280.34592,278.97913,280.84476,280.49234,279.18475,280.6136,278.41888,281.1904,279.02734,279.9293,279.49957,280.55386,279.14633,280.40503,280.8985,282.48993,279.92798,279.83975,278.97812,280.85736,281.0939,280.96655,279.12015,280.75433,279.45337
903,1925-04-16,282.35126,280.87347,283.03082,282.53256,282.10004,280.49994,281.15512,282.6584,282.62576,281.69196,280.78433,281.86758,281.39383,282.30597,281.37454,281.5747,281.46988,281.8319,279.50055,282.74582,283.56326,281.07736,281.89395,282.59735,281.63608,283.8758,282.36554,281.5688,280.6925,282.72302
904,1925-05-16,285.89807,284.24622,284.22937,283.28464,284.32977,284.0352,283.0758,284.61053,283.1679,283.63394,283.64188,282.58853,284.27383,284.5746,284.28455,285.33942,284.91458,283.82062,284.2382,285.62866,285.97604,285.62125,282.84964,284.11548,283.6532,285.7545,284.46252,283.17334,284.4022,283.2294
905,1925-06-16,287.1535,287.06308,287.35318,289.1159,287.77762,287.4384,285.2505,286.93192,286.5336,286.03305,286.79852,286.90698,286.893,286.0037,285.10443,285.6758,288.30103,287.8019,290.2587,286.39227,289.4179,286.86096,288.21994,286.25018,288.6175,286.491,286.9205,285.46616,287.79196,286.00668
906,1925-07-16,289.94647,287.10547,289.98672,290.0684,288.6419,288.02167,286.80313,289.34396,289.08038,287.85876,288.8108,287.12384,287.83185,287.75226,286.4252,287.57913,289.46082,288.35782,291.685,288.85263,290.74655,289.52655,288.81827,287.9993,288.3838,289.0039,289.55783,288.81744,289.9489,287.063
907,1925-08-16,288.65964,288.9807,289.33765,288.0509,287.60693,289.11334,288.33804,290.60132,288.24176,288.34692,288.2459,288.4222,288.71722,287.17557,287.04724,287.50803,288.71,290.093,290.08707,289.1207,290.21262,290.9416,288.46173,288.5993,289.8028,288.44098,288.75467,288.48996,289.72635,288.8267
908,1925-09-16,288.2792,288.63385,287.3598,287.69705,286.30103,289.04962,286.96576,286.28146,285.08102,288.87817,287.7125,287.4493,287.07657,287.89874,286.36435,286.0491,287.7364,287.50443,287.26462,287.31595,287.3878,288.90637,288.07135,287.57507,286.8984,286.7074,287.49786,286.2523,286.05328,286.528
909,1925-10-16,284.86,282.882,285.71112,283.84528,284.08994,285.19513,284.86017,283.0492,284.3887,285.99954,284.4703,285.23782,284.64117,284.73138,283.32693,283.42023,284.06662,285.36493,284.87253,285.09305,285.59802,285.10306,285.09338,286.1426,283.90503,283.90442,284.48346,284.52484,284.64273,285.07486
910,1925-11-16,280.43558,279.48105,281.10736,281.50836,281.61575,282.83374,281.14365,280.9707,280.5435,281.67026,282.55923,280.72812,283.60562,282.58362,282.13834,280.02786,280.30753,280.924,281.9453,282.5359,281.78583,280.50394,281.35696,282.64484,278.39096,279.97888,282.23816,281.78073,279.76956,281.6792
911,1925-12-16,279.00568,278.80765,279.13025,280.05624,279.20197,283.2633,279.7774,280.36542,279.94083,277.79785,278.70038,279.8644,279.74728,279.30322,281.63898,278.45584,281.06998,279.85562,280.951,280.38235,281.3689,281.4295,280.81363,280.2387,279.46072,280.2902,279.00882,278.75507,280.51987,279.68045
912,1926-01-16,275.60452,278.08463,281.41318,278.88718,279.58896,279.91345,278.29868,278.09933,278.87262,277.4992,277.59546,278.06046,278.78195,278.1735,280.27753,280.8153,280.1985,277.02478,276.11545,278.53128,280.53336,280.79538,278.52777,279.01236,276.06024,277.77216,278.7409,279.76212,279.62433,277.1644
913,1926-02-15,278.11926,278.36584,280.23853,278.64407,278.1442,277.99796,277.12692,279.7831,277.70352,276.969,278.3513,277.94067,275.85513,277.23938,279.79968,281.3371,279.64157,279.0923,280.55164,280.18503,279.12875,278.41232,276.88892,277.0293,277.54773,278.74335,280.04733,275.77515,280.23914,278.2762
914,1926-03-16,277.90323,279.00323,280.40198,280.04736,279.9351,278.7482,278.56555,279.47495,276.86087,278.11993,277.5005,279.61874,278.71698,280.12268,279.86987,281.34045,279.2192,277.7358,279.9312,281.45343,281.8828,278.33572,279.8529,279.2375,281.59042,278.7915,280.5948,278.2826,280.4688,279.41354
915,1926-04-16,282.23297,280.71286,283.16843,280.53772,282.7196,279.91202,280.43945,281.4576,281.71634,281.70892,280.60635,282.19174,279.43134,280.59943,283.6822,283.0051,281.9461,280.0425,280.97046,282.6027,280.17426,281.5673,281.8057,280.2222,283.3606,281.14264,281.35516,282.50797,283.62643,282.01157
916,1926-05-16,285.29706,284.05542,284.54504,283.2911,284.06067,284.00677,283.73138,284.01694,283.6793,285.60388,281.94037,284.92245,283.5093,284.04062,285.63776,285.0105,285.53595,284.92288,286.1514,282.5027,284.27295,283.8956,283.5865,283.2861,284.79193,283.6501,286.07043,283.15726,284.26004,283.97318
917,1926-06-16,288.0496,287.5371,285.06906,286.07468,288.11493,284.5972,285.66922,287.75024,287.44406,286.37054,286.30508,287.25574,285.54562,287.30804,285.73108,286.13953,287.41483,287.5803,288.0921,286.94135,287.6649,288.13785,286.52972,288.5159,286.76248,288.48453,287.09912,287.43167,287.43915,285.45862
918,1926-07-16,289.29657,286.8158,287.17075,287.5393,290.4786,289.42273,286.5917,287.9995,287.54602,289.4784,288.52283,289.20023,287.49387,288.24994,287.3333,287.08548,288.3448,288.40802,288.253,289.55746,287.8665,288.894,288.62534,286.816,287.48456,288.23956,288.59448,291.08118,288.15503,289.01868
919,1926-08-16,288.31827,288.13837,289.05954,288.74707,289.50824,288.90237,288.30087,289.00388,288.019,288.77347,288.2133,290.21442,288.1324,287.33655,288.20923,287.58298,288.60995,289.77277,290.53064,289.75064,288.37347,289.48203,289.5187,288.73996,290.07132,288.53253,288.28552,290.4032,289.35834,288.60025
920,1926-09-16,288.74725,287.80054,287.58826,286.12207,289.20047,286.67035,286.6063,286.31494,286.70297,287.54587,286.4349,287.48077,286.72363,286.45624,287.12115,286.87592,287.979,287.51288,287.67184,286.71426,287.09784,287.05438,288.78003,286.32364,286.4132,285.82465,286.77615,288.77496,288.5174,288.27863
921,1926-10-16,286.26978,286.31387,285.83566,283.7749,285.45276,284.55313,285.47305,285.08328,285.60837,285.11478,285.17566,283.49997,284.07516,284.57922,284.2691,283.33765,285.00565,285.36365,284.4845,283.05237,285.26407,285.33182,284.90723,284.37036,284.81854,283.99704,284.73334,284.96536,286.19,284.38693
922,1926-11-16,281.98264,281.87704,281.48065,281.25583,281.08377,280.9851,282.2392,281.49823,282.50473,283.58395,282.84113,284.10886,280.24374,282.04498,282.64624,281.58643,282.27298,281.92453,280.69952,281.0927,282.08295,282.64078,281.73883,280.1928,281.49976,281.7321,282.5327,282.19455,281.23965,281.99396
923,1926-12-16,278.8166,279.79904,280.0847,279.66245,279.57758,280.51813,279.14532,278.37817,280.89178,282.16632,279.4197,281.54077,280.10706,277.86823,277.88303,279.5848,279.30304,278.35126,277.8384,281.2917,282.8112,277.11145,279.3376,279.0622,277.18802,280.40048,281.12628,281.2268,278.567,279.0496
924,1927-01-16,278.30685,278.22418,280.0776,278.64694,280.33606,279.43005,278.68445,278.09314,280.18872,279.25748,277.8606,280.2576,280.45175,277.0833,277.5237,279.301,279.03894,278.7317,279.0619,279.42508,278.1459,276.2088,275.86014,279.45233,275.51053,279.42545,280.42804,279.38016,279.19852,278.71326
925,1927-02-15,280.49002,278.34937,279.19724,279.26617,279.15274,279.14655,279.93765,272.0899,277.5878,277.6481,277.5307,280.84116,277.39655,280.036,280.03983,279.952,278.34943,278.34967,279.31015,276.54877,280.12112,279.61862,280.6565,273.9276,276.8778,276.09637,278.9968,277.5537,274.55063,280.5185
926,1927-03-16,279.3776,279.5265,281.34058,280.50763,280.94977,280.04355,280.79883,278.40356,281.00357,280.19208,280.12616,279.21857,279.59482,280.59818,279.5564,276.65323,280.09897,279.36426,279.17975,280.59784,280.48962,280.94678,280.5531,276.33038,276.27673,277.29254,278.3545,278.649,279.5426,281.47244
927,1927-04-16,281.55692,278.9162,283.32956,281.8004,282.19025,280.17102,282.2112,281.02344,281.66995,279.97382,281.2774,282.0654,281.33633,281.72885,281.981,280.71445,281.38895,281.9579,283.31772,282.98566,282.3059,280.075,283.3389,279.6433,281.17627,281.60916,282.21213,279.25842,281.0899,282.9812
928,1927-05-16,284.97092,281.72446,285.8607,285.3346,282.9778,283.67538,282.7591,283.72037,283.95447,283.72028,285.69897,285.0043,283.8009,285.3968,284.5119,284.675,282.8972,284.34372,285.1693,286.04178,284.0685,284.599,284.60373,281.81122,285.04816,281.20966,283.26184,282.97617,283.88565,283.9695
929,1927-06-16,286.76227,286.99014,288.80652,286.26477,286.43692,287.85825,288.43018,286.39017,288.2433,288.83527,288.6864,287.79916,286.4487,284.99182,287.0844,286.57785,285.36566,289.1357,287.37418,286.7657,286.8064,285.82272,288.18036,286.4031,287.8822,283.80176,286.67035,284.8826,290.66132,289.63922
930,1927-07-16,287.6699,287.19467,288.10242,287.66876,287.90497,289.7854,287.9594,290.12344,287.7181,289.38446,289.07367,290.5475,287.78784,289.74435,289.13086,287.64783,289.3129,287.86923,289.26016,288.33636,289.8759,288.741,288.61697,288.2231,287.34256,286.51712,289.1158,287.9909,288.28784,288.26404
931,1927-08-16,287.67422,288.22348,288.99963,288.26602,289.239,290.00586,287.60236,289.51694,289.3065,288.4929,288.56293,290.95224,289.38333,289.28262,289.194,287.23734,287.82547,288.6822,289.60428,289.7496,289.84665,287.71173,289.35117,288.20352,288.9843,287.83905,287.33878,288.97858,289.13232,289.1521
932,1927-09-16,286.85977,286.52298,285.75488,286.8485,289.11288,287.06592,286.65384,285.6713,287.89636,287.14136,288.08878,288.52716,286.80252,287.6748,288.41336,286.26447,287.72894,287.87964,287.37744,286.9035,288.71674,287.26138,288.7897,287.21246,286.74762,287.7356,285.717,286.08505,288.61868,286.7343
933,1927-10-16,283.77863,282.9585,286.20966,284.03665,283.10587,284.68976,283.19183,284.67236,283.1449,284.85168,283.4055,285.65906,283.64474,284.99695,283.3662,282.96298,285.9217,282.46204,284.8394,285.0885,285.9182,284.4427,286.33643,285.78012,284.4801,284.97226,283.96548,285.31488,286.18607,284.31326
934,1927-11-16,281.87085,281.71198,281.66113,282.2456,282.97888,283.30252,280.51974,282.5909,281.52063,279.25885,283.47437,280.91162,278.7717,281.34235,283.28876,279.68567,282.3391,281.07,281.48734,282.34143,282.641,282.13403,282.90213,282.41916,281.69983,282.4858,279.8692,280.81107,282.03098,282.3988
935,1927-12-16,279.61935,281.06464,280.2234,280.09573,279.19382,281.13077,279.22177,278.71417,279.4029,280.11932,276.1945,280.1567,278.217,279.10858,281.3175,279.6161,280.67633,280.29233,277.01852,281.6147,278.30542,277.70026,282.28946,279.8476,280.68573,280.95502,280.49734,277.74054,279.29007,280.0167
936,1928-01-16,278.2784,278.53662,278.09366,277.1017,278.79272,282.29538,278.88272,280.27798,280.06357,279.53787,277.78668,279.0248,277.49738,277.7358,278.63336,278.61517,281.62247,276.38077,278.31628,279.93738,278.36856,277.6794,278.611,279.9415,279.1982,278.24915,279.18414,279.71817,279.6908,279.19315
937,1928-02-15,278.59732,280.16226,279.56268,276.1964,277.81912,280.44724,279.47937,278.52173,280.78195,278.286,279.52246,279.97495,278.39395,275.24957,277.9343,278.62073,280.05383,277.34787,278.61792,276.71744,276.32712,280.17908,277.89456,278.81302,279.32587,278.226,278.10043,279.52377,279.59567,277.47598
938,1928-03-16,279.19125,279.39383,279.88687,278.18375,279.73843,279.30087,280.01526,280.65506,281.10803,279.60248,280.2107,280.94247,281.65372,279.79547,278.99075,279.11853,281.64587,280.11755,279.39093,277.54346,277.8749,280.584,279.83044,279.34824,279.58212,279.28677,279.6509,281.33566,280.00632,276.6065
939,1928-04-16,279.1622,282.21426,281.183,281.39868,281.57,281.71603,280.9797,279.79468,280.9197,281.54605,280.29163,282.8812,280.0567,278.82977,281.96246,280.4872,281.75122,282.00763,281.87927,283.12708,282.1642,280.97034,280.88776,281.9563,281.0965,281.32074,282.21472,281.0927,281.7264,278.6754
940,1928-05-16,285.82846,282.49094,284.72324,283.7892,283.43884,284.0001,285.19827,283.95337,283.68906,284.59998,282.1938,284.26138,282.46646,284.5956,282.77585,282.68655,284.73505,283.451,283.14908,282.4849,283.1339,281.67264,282.9825,285.42163,283.88092,284.3952,284.96814,284.56384,282.86435,283.5815
941,1928-06-16,286.0894,288.3863,288.14365,287.10162,287.85367,286.66458,285.4904,289.51508,285.72095,285.27307,286.63892,286.31232,288.14212,287.05457,287.37646,287.1374,287.68878,286.23535,287.55582,285.4961,287.81866,286.81934,286.86646,286.87082,286.64536,286.37872,288.16357,288.46884,284.3022,285.23917
942,1928-07-16,287.67584,287.69135,290.2028,291.16217,288.13593,286.89905,288.3224,287.60678,285.82288,287.45435,286.35974,287.5129,289.1451,288.37592,287.10657,289.25366,289.32034,287.00092,290.41055,289.48553,288.64133,291.6933,290.23544,288.87393,288.0118,287.53363,288.13037,288.54898,286.83392,288.40985
943,1928-08-16,288.1734,288.77872,287.67624,290.64682,289.30902,288.64407,288.60706,288.19012,289.97336,287.9912,287.95975,288.87918,290.29535,290.65674,286.68292,289.42026,288.79034,287.90488,289.6371,287.64798,289.09494,288.81543,289.0232,289.52905,289.75174,288.76837,289.6741,288.17615,288.46008,289.30133
944,1928-09-16,285.3858,286.2952,287.46918,287.35938,287.81937,288.21524,287.91263,287.72095,287.26505,285.5788,288.11926,286.07855,287.10724,286.5422,284.81442,288.24686,288.3526,287.35495,287.1468,286.01346,285.7956,286.82565,287.13376,287.7008,286.38205,286.641,289.3911,285.8667,285.79724,287.2993
945,1928-10-16,282.75015,283.79562,284.44882,283.63712,281.7522,286.1368,285.27237,285.2073,285.06372,283.7729,285.07178,283.28796,283.85797,283.18353,284.69656,284.1794,286.09235,284.33197,284.76364,284.32233,285.46954,285.06656,284.7315,285.27823,284.2015,284.6814,284.82352,283.17264,284.10587,286.37225
946,1928-11-16,281.99167,280.598,280.98486,284.26547,278.61063,283.731,282.22873,281.84363,282.5617,282.79523,281.03998,281.5734,282.2982,279.8247,280.49286,281.36777,282.33203,280.78082,281.87375,280.92825,281.96198,282.2773,281.78412,280.85345,279.6892,280.17514,283.12302,280.9489,281.07684,282.4371
947,1928-12-16,279.02527,280.60516,280.2311,278.80362,279.37152,280.0665,281.0696,281.70227,281.58618,280.19128,279.8167,279.31863,278.64603,280.75195,281.36557,281.049,278.8041,279.28458,276.65213,279.8802,280.34647,279.77985,278.58035,280.75256,278.549,280.0363,281.54733,280.57977,279.3629,278.6555
948,1929-01-16,278.92288,279.46823,278.94153,277.7212,277.61902,280.71906,278.72675,280.20364,278.67682,277.2108,278.97064,277.74405,277.9408,279.99802,277.7689,277.31314,278.75803,277.5337,278.2714,280.20184,279.11423,279.59485,280.3982,280.41043,276.63522,277.4354,276.76917,279.02197,278.2473,279.309
949,1929-02-15,279.51474,279.22983,279.253,276.6751,279.84695,279.52252,280.33224,280.83926,278.65515,277.27457,279.95938,277.24783,279.5768,280.40268,279.25528,274.83585,279.1033,280.91928,279.1901,278.70416,276.7044,278.45816,280.0135,275.70282,275.33334,276.31387,278.88086,277.89062,275.71518,280.1107
950,1929-03-16,281.19464,281.85266,280.13318,280.16644,280.44644,279.57904,280.3544,281.16782,280.44772,278.11398,280.3241,276.361,278.54822,280.05298,278.46973,279.78326,279.4144,280.87497,279.12418,278.4967,277.6271,280.2417,279.86288,276.66202,277.30966,277.97754,280.42023,276.8184,279.9023,276.61298
951,1929-04-16,283.03363,283.19565,280.9096,281.5243,281.982,282.8494,282.65778,282.10562,282.06555,282.54184,282.6757,281.19196,281.18085,281.6903,279.9661,282.68967,283.01202,280.81857,279.7726,280.5124,280.95685,281.9037,283.003,279.33627,279.40927,281.45096,281.9248,281.5351,281.34042,280.99252
952,1929-05-16,283.0646,284.1716,283.09467,284.30914,282.8307,284.08853,282.7933,285.70593,282.88104,283.68094,284.82993,283.14767,284.0737,285.57657,283.37088,283.76825,286.25876,284.407,283.72354,283.07486,282.90314,281.89,284.294,284.11194,282.7721,285.63864,283.00278,283.94647,284.5346,284.11765
953,1929-06-16,287.24646,287.14175,288.7668,287.28726,287.2404,287.0747,286.5674,287.22818,286.46042,286.3043,286.2059,286.00366,288.15366,287.21918,286.1342,289.05624,285.22202,287.03796,286.13623,286.0874,288.64893,285.30225,287.29553,286.14624,285.87207,287.48425,285.521,286.20657,287.4202,286.0925
954,1929-07-16,287.03085,289.60504,287.6241,288.7548,288.686,288.69458,287.3397,289.01996,288.38873,286.99252,288.5417,288.24417,288.6735,287.36414,289.24005,288.82602,287.2856,288.68008,287.32584,288.711,288.21243,285.89066,287.7246,287.34357,287.92023,287.622,288.32394,287.47943,286.45526,289.36206
955,1929-08-16,288.86237,289.95703,287.4614,289.47543,288.15704,287.80954,289.8336,288.41245,289.03427,287.47458,288.44113,290.16473,289.1181,288.06073,287.5481,289.87717,287.94037,288.8045,287.44183,289.2369,288.44458,287.89853,287.89172,288.01474,289.79715,285.78592,289.37674,288.24625,286.23434,288.37518
956,1929-09-16,288.14017,290.0365,286.2397,288.2672,287.80615,285.8004,286.19937,287.80237,288.69592,286.66318,286.69495,287.61392,286.7146,287.26755,287.63223,288.67664,287.36426,288.57504,287.7456,287.94043,288.20685,287.16232,286.40994,288.0572,288.16763,285.32983,286.8506,284.88547,286.37024,287.83115
957,1929-10-16,282.92307,285.32922,284.7851,284.3702,284.49857,284.74576,284.2391,284.34946,285.08926,284.04944,284.54077,283.3514,283.98975,286.19504,284.96667,285.99524,283.78116,284.5967,284.4011,285.34946,284.95068,284.48135,284.45673,285.55673,285.00165,285.05453,283.0295,284.3471,283.30298,284.7662
958,1929-11-16,279.79193,281.99753,280.31732,282.69766,282.09647,282.06976,281.3762,283.7731,282.05695,281.7294,280.87546,282.66492,282.1446,280.0034,281.84406,283.36563,280.6965,282.3897,280.9732,279.70932,282.24637,282.12677,279.35178,281.86166,281.0951,281.3226,282.20493,281.15585,279.4043,280.32568
959,1929-12-16,279.57806,280.425,278.54916,276.62027,278.19644,281.32004,279.20508,279.34454,280.44073,279.84024,278.44702,278.2811,279.50266,281.16904,280.35986,282.22794,278.9029,279.85526,280.56567,278.13098,278.48785,280.9607,279.38058,281.3228,278.0246,281.88028,281.5386,278.91766,281.31805,277.42584
960,1930-01-16,280.21646,276.01318,276.64667,276.1403,279.34726,279.65427,276.57584,276.70972,280.20163,276.86258,280.3327,275.73367,278.57233,279.00885,277.6596,280.3093,278.53098,277.34494,279.60504,276.83286,280.06085,279.30576,277.4302,279.4946,279.10388,280.098,279.6904,277.01273,278.94574,279.7613
961,1930-02-15,279.6524,275.54498,274.57504,280.16153,278.53064,276.04242,276.76013,277.726,279.18976,278.6805,275.66498,278.7105,280.21005,279.02386,280.68106,279.63358,278.21106,279.6769,280.5702,276.36945,279.65915,280.11862,279.98166,277.5164,279.79584,281.12952,279.05804,277.87424,278.41257,279.569
962,1930-03-16,279.6645,281.1039,276.7321,278.4724,279.89673,280.93112,279.0994,279.47827,280.7288,279.37894,277.67978,279.78,278.64133,279.55356,279.36197,280.49713,278.9594,280.79007,280.55017,278.9599,279.81958,280.2829,280.98453,279.51773,277.92828,279.79755,280.18097,279.3812,280.35574,278.11945
963,1930-04-16,281.64978,281.7726,278.18503,282.72675,279.81912,280.6481,280.20996,280.23798,282.06592,280.08884,279.8902,280.11288,280.81696,282.27927,282.8217,280.95953,281.22488,282.04358,282.7202,279.70316,283.44858,281.24338,281.83026,281.79956,280.349,281.82077,280.8771,281.22253,281.7623,280.23132
964,1930-05-16,282.54755,282.91296,280.43842,284.6099,284.38492,283.4061,282.6037,284.45193,284.3005,281.90988,282.8692,283.0907,282.5029,283.90775,285.0209,285.672,285.11188,283.43762,284.14615,281.79666,284.96664,282.72168,285.41168,283.69363,284.3341,284.86322,283.3188,284.9316,283.57858,283.58813
965,1930-06-16,287.38452,288.14218,285.36127,287.73874,288.37595,285.08087,287.06216,285.68802,287.51352,284.90222,287.1413,286.82797,286.3885,285.83542,287.5247,288.61166,287.3382,285.0985,287.46274,287.56912,288.1606,286.62726,287.8563,286.35406,287.1239,286.44952,286.20615,286.2546,287.25513,286.44382
966,1930-07-16,289.0511,289.1968,287.98166,287.17523,288.55536,287.46902,286.27026,287.59695,288.79828,287.5163,287.74167,289.31357,287.80923,287.23325,288.56958,290.33832,289.4612,288.53098,288.24255,290.81165,288.4435,286.87408,288.38766,286.18185,287.19836,288.7401,287.5037,289.8121,289.60165,289.26816
967,1930-08-16,289.51425,289.3982,288.31534,288.2799,288.53702,290.2921,287.98288,288.25177,287.8007,287.25577,287.96933,291.3719,288.3546,287.1162,288.25266,289.29984,289.70764,287.91525,288.93185,288.48257,287.9044,286.79565,289.02316,288.10785,287.4658,288.9114,287.20047,288.876,287.73938,288.79218
968,1930-09-16,286.8039,288.51712,286.8495,285.2531,286.9596,288.14987,287.79062,286.31076,285.87985,285.83142,287.00992,288.65067,288.0039,285.796,286.35663,287.79865,286.819,285.49484,286.15305,287.10083,287.75824,286.51697,287.37872,285.47147,286.57123,287.94955,286.40884,287.97107,286.8155,285.61612
969,1930-10-16,283.69644,284.629,286.05762,286.2015,285.72607,285.42514,283.9382,285.5328,284.6237,284.97223,283.008,286.6177,284.58557,284.61804,283.11032,285.41602,285.0334,282.7889,284.11096,285.52042,285.5226,283.1345,284.83664,285.27902,283.74106,285.03784,283.91812,285.0429,285.39395,284.3525
970,1930-11-16,281.53192,281.84213,281.53915,281.48285,281.86606,281.63593,281.37015,281.77332,282.00766,280.39484,280.71063,282.25467,283.43604,282.13748,281.63754,279.773,281.77472,281.84744,280.36218,281.88895,281.99896,280.48822,282.52844,278.25824,283.37622,279.82065,281.05194,280.83722,281.26657,283.31448
971,1930-12-16,279.87183,279.4486,281.18927,279.24985,281.83908,279.99158,277.37927,279.29987,278.84363,279.73273,280.07288,276.1268,281.5579,280.97812,279.8767,280.0723,281.33426,279.33505,277.7442,280.59857,280.04617,278.70547,279.61444,279.72745,281.21213,279.7431,279.4722,281.60175,279.7528,280.09964
972,1931-01-16,277.1406,279.53714,280.3403,279.3683,278.82825,280.23135,277.10153,278.1901,276.6717,277.00662,275.96927,277.77817,278.6654,276.67105,278.73886,280.10596,279.35117,279.28476,278.40628,281.24384,277.51404,277.6407,280.87924,277.69763,279.6072,280.14944,279.47354,276.6493,279.4943,278.35495
973,1931-02-15,277.4001,280.64203,280.1204,279.21344,281.0077,278.31683,276.6939,278.88834,275.64474,279.60422,276.72784,279.5698,277.46164,279.4475,278.43933,280.7316,277.96988,279.68173,280.69434,279.2526,279.31506,275.66644,280.44827,278.5535,278.7864,279.39624,279.7379,278.29214,277.35352,279.96896
974,1931-03-16,274.62256,280.67383,280.41617,280.39413,280.9891,280.2916,277.34183,279.48236,279.68567,280.39685,279.4701,280.0724,279.12567,278.11734,281.1551,281.53525,281.9867,280.85345,280.37296,278.30563,279.96832,274.96378,279.5492,279.6117,281.53668,279.5141,277.20465,279.91782,279.71454,278.3731
975,1931-04-16,279.39905,282.43243,282.11618,280.87985,282.70172,281.97592,281.7336,281.28983,281.96487,278.50623,280.27585,281.54584,280.10406,280.17624,284.28836,282.6042,281.68787,279.54422,281.5036,281.46527,282.9717,280.1963,282.89362,279.68756,280.30835,280.74698,281.52396,283.66672,280.0193,280.58875
976,1931-05-16,281.93414,282.91672,285.0575,283.18027,284.84174,284.4435,284.20038,285.4047,284.4354,283.1591,283.33322,285.93143,283.93958,283.26532,283.68298,282.3776,284.80072,283.09927,283.91095,284.85168,283.76825,284.2468,285.36572,283.4246,284.5447,285.36026,283.41763,284.20215,282.897,282.7454
977,1931-06-16,285.45166,286.30756,286.21927,286.17163,289.85175,285.79276,287.04785,288.93814,287.16458,287.83624,286.42587,286.57693,287.21628,285.14386,291.00314,286.053,286.4674,287.79843,286.81033,285.3151,288.00546,288.29974,288.18005,285.615,287.90845,287.22305,288.9476,285.75262,284.37442,287.15143
978,1931-07-16,288.42444,290.13257,287.89188,288.5757,286.68472,288.1328,287.83347,287.6915,288.75278,289.16522,287.12558,286.7416,289.46042,287.9821,289.02927,289.4596,288.00244,287.50632,287.48035,286.56363,289.599,288.2115,287.30762,287.299,288.59375,286.03946,289.14764,287.99567,287.01474,287.95715
979,1931-08-16,288.53113,288.93652,289.70297,287.9073,289.1403,289.10715,287.85013,288.06036,290.6593,289.96964,287.0365,288.32236,288.73874,289.01413,288.65112,288.96545,289.22928,288.3824,287.5331,287.69458,289.23294,287.26816,289.2628,287.63162,287.50137,287.46793,290.5806,289.0143,288.75977,288.23413
980,1931-09-16,287.83368,287.70306,287.452,288.14114,287.05243,288.18164,286.3556,285.71924,286.79318,288.18646,285.86627,287.209,287.72452,286.82678,287.05527,286.4531,287.919,287.09454,287.4229,286.60434,286.25375,286.47693,287.56915,286.42636,287.33072,287.5993,287.7112,287.19116,287.85672,286.68707
981,1931-10-16,285.76294,284.43774,286.17096,285.54474,285.19632,285.6742,284.74435,284.50238,283.90622,284.43045,285.40903,282.16983,283.8254,283.16254,284.79446,283.2831,286.07846,282.9632,285.19934,285.81445,283.12198,284.08676,284.646,284.92084,282.8962,284.0748,284.01065,284.064,283.08517,285.00082
982,1931-11-16,282.78607,281.02988,282.21848,281.52597,283.6875,281.95715,282.1307,283.89755,280.24936,281.98093,281.76218,280.88144,280.28406,281.03345,283.02646,280.84818,280.71774,282.20642,283.11166,280.3257,280.60107,281.5382,282.89252,281.70456,281.84772,280.01593,280.7519,281.71643,282.51422,280.96057
983,1931-12-16,280.3899,278.0309,278.62912,277.19363,280.16205,280.45032,278.06165,280.47964,277.38382,282.25052,279.33466,281.16983,277.51114,279.5815,280.29068,280.39233,280.54285,280.24362,280.00296,279.26648,278.34225,279.39832,281.55438,280.88666,280.9138,280.3789,278.11353,279.0484,278.27667,280.02106
984,1932-01-16,281.15915,277.07764,279.04752,280.08014,276.7223,279.18393,278.49615,280.02173,280.5852,279.03275,279.1479,277.79645,279.3216,278.25162,278.97156,280.54187,280.8645,279.26974,279.79904,280.8818,278.0463,277.94412,278.48553,278.225,279.1017,279.40186,280.081,279.2998,277.48572,281.12167
985,1932-02-15,279.81256,278.26874,279.06595,278.34012,278.47333,280.17944,276.30667,280.10873,276.75665,279.6617,279.9094,279.22845,276.52472,279.11102,279.32718,279.49753,279.34467,280.4173,277.10696,277.11215,274.62198,280.05667,276.8033,280.09286,279.99088,277.87958,279.38962,276.55283,275.21954,278.7357
986,1932-03-16,281.55103,278.661,281.5381,280.5875,281.47855,280.91052,280.4756,280.21655,279.27774,280.96588,281.58475,278.96933,280.24588,281.4795,280.07074,280.91437,279.6402,281.2479,277.50833,279.37552,277.1244,279.01273,281.5448,280.35352,276.96463,281.31122,281.98355,278.70004,277.30133,280.17075
987,1932-04-16,280.51593,280.018,282.4095,280.5236,283.12018,282.03183,282.09015,283.84204,282.28848,281.70807,283.9849,282.23154,281.67163,282.47324,281.58932,280.68442,281.15286,281.26602,281.51913,280.62585,278.94012,281.00027,282.94897,280.94357,280.38812,281.63858,281.63174,282.60416,281.0214,280.87064
988,1932-05-16,283.95862,283.81552,282.56702,283.30127,283.01962,285.7597,285.161,284.502,283.7665,285.47415,284.7656,283.00204,281.94644,287.1139,283.90805,284.07227,283.97488,283.44562,283.59277,283.9496,281.90768,284.5525,285.46274,283.8438,285.78445,286.35355,284.89487,284.13278,284.58224,282.43893
989,1932-06-16,287.30972,286.2921,288.07025,286.44217,286.51727,287.11002,287.65952,288.6163,288.42035,287.10242,288.1166,287.24435,286.2664,287.41208,288.28903,287.505,286.3488,286.94925,285.59482,287.53247,285.4144,285.62427,288.38788,288.87146,286.34976,286.35953,290.05893,286.67438,286.6528,288.2961
990,1932-07-16,287.3694,287.42926,289.1609,288.21475,288.16034,287.85315,287.74878,287.6839,290.3485,287.1407,289.91055,289.3321,288.4142,289.09848,289.3202,287.85144,287.55505,289.4109,287.49564,289.51508,286.35516,287.77466,289.0386,289.9848,289.25647,288.437,291.64493,288.29218,290.37402,288.91248
991,1932-08-16,288.29605,289.05344,286.76865,289.08206,289.33313,288.82803,288.50595,287.32098,288.2786,288.151,288.91562,288.41147,289.02792,289.27664,288.61816,287.18842,289.32095,287.98434,288.0177,288.19205,288.26663,290.1263,289.55383,290.39642,290.8736,289.64532,290.2501,288.91544,290.89725,288.61984
992,1932-09-16,287.0491,286.55566,288.00693,288.2914,289.2466,287.8555,287.27173,286.63864,287.1037,288.0801,288.46234,286.62772,285.85815,288.0946,286.53757,287.40622,286.8613,286.5153,285.78677,286.65094,285.95862,287.38382,287.8429,287.88196,289.61823,288.3176,288.41187,288.40033,289.09918,286.13364
993,1932-10-16,284.18774,285.24728,284.29083,284.84595,286.1134,285.37833,285.11993,284.0994,284.31998,284.62753,284.13937,285.74954,285.00418,285.28253,285.25082,284.86823,285.40186,284.13678,283.38586,284.64026,283.87973,282.9016,285.84695,285.39127,283.77213,284.23074,287.10645,284.75784,285.43872,284.16098
994,1932-11-16,282.02087,283.38138,279.4476,281.36404,282.7798,282.40863,282.94513,282.85565,279.4547,283.20322,281.10522,284.158,280.66135,281.59808,281.55194,281.4515,280.8245,279.76797,282.486,280.3448,280.51556,281.992,282.1687,281.91507,280.6359,280.68793,283.51346,280.3531,281.6428,281.22287
995,1932-12-16,277.8918,281.45636,279.58386,281.26843,279.35745,282.42303,279.92722,278.91785,279.17023,280.04294,279.45398,278.90988,279.27325,278.89917,279.06223,280.94824,280.50604,280.77252,280.44525,279.7814,279.51016,280.2622,280.46948,282.25092,278.33176,277.7123,278.81772,277.43103,278.25125,279.58844
996,1933-01-16,275.48465,277.65652,279.73813,278.6581,279.65466,280.07104,276.5963,280.88147,277.96344,277.36176,280.55313,275.8164,279.36746,278.67673,277.27524,278.5655,277.6682,279.16666,277.182,279.09805,279.96622,280.32794,277.91095,280.29712,277.13116,279.686,278.8424,278.23395,278.8507,280.47778
997,1933-02-15,278.45264,278.74588,277.914,278.26505,278.80753,279.97205,277.39792,280.11194,278.8038,279.7427,276.8968,276.7581,279.8261,276.64423,277.62946,276.8134,276.27484,280.7154,272.32022,276.73148,276.93582,280.8282,279.07916,278.47144,279.39862,279.75186,278.70688,278.84958,278.97894,278.97516
998,1933-03-16,280.85052,275.8881,279.81036,280.42352,280.26218,282.38477,278.3933,281.15744,279.81476,278.25488,280.05508,279.93958,277.9554,279.7704,278.4476,278.99442,277.31564,278.6047,278.16818,275.64948,278.46313,280.6246,280.58554,280.27414,279.86737,280.94992,280.3433,279.6697,280.63095,280.7868
999,1933-04-16,281.84598,278.47806,281.8254,281.60532,282.18613,281.8926,280.41486,280.91943,282.44498,280.3809,281.45013,282.2113,280.9124,281.1764,280.5246,281.34048,282.61118,281.74496,280.99023,279.3853,282.63818,280.70184,281.71027,282.2856,280.99725,281.25116,280.0654,281.06418,280.95453,282.64468
1000,1933-05-16,283.62354,282.1001,283.87244,285.5569,284.41306,286.369,283.6255,283.9089,285.6295,281.14847,284.80753,286.027,282.95737,283.83414,286.68176,284.90817,283.7004,284.87573,282.11035,283.6997,284.6046,284.76056,284.15378,284.6412,283.4688,283.33688,284.49222,283.77213,284.12598,284.95483
1001,1933-06-16,289.1935,286.80756,289.6062,286.06216,286.60373,287.6566,286.85892,285.90698,286.08072,287.18732,288.5052,288.05698,286.0954,285.1455,287.54538,289.21094,287.86285,290.10764,287.13608,286.71875,286.7919,287.1129,288.30508,288.67255,285.98904,286.00107,287.74655,289.05484,289.64166,286.70297
1002,1933-07-16,288.76697,290.13614,290.67093,288.78287,288.14597,288.95175,289.1566,288.4481,287.7825,288.55258,288.899,289.31784,287.29794,287.28104,287.7756,287.97177,287.84277,288.72067,287.1677,287.75958,288.1117,289.59238,288.4705,287.96054,287.74606,288.2641,287.21747,287.91852,289.7011,287.71582
1003,1933-08-16,289.30008,288.4738,288.57294,288.5045,289.29294,289.64896,288.8977,288.87518,290.01312,289.30414,288.27066,289.18216,288.66763,290.00995,289.05136,287.86093,288.0438,288.65717,287.88257,287.7642,289.12375,289.35867,288.60284,288.28632,287.2612,289.9639,288.88248,288.8929,289.98575,288.63126
1004,1933-09-16,287.81595,288.59924,287.07626,287.65808,287.1277,287.93253,286.4236,287.31326,287.28857,287.34796,287.27252,287.20532,287.8402,285.6866,287.92374,285.3703,287.9,289.0139,286.46524,287.24878,289.05975,288.4085,287.50552,286.70844,286.42975,289.6222,287.30875,286.58954,288.3951,287.63046
1005,1933-10-16,284.18304,286.41565,282.80585,286.11157,284.94272,283.69037,282.2285,284.28,283.70868,284.5771,284.22556,284.3992,284.6166,284.89178,285.0688,284.1225,285.1384,284.19537,285.67377,284.43066,285.51288,286.22537,284.99988,282.40082,285.36044,286.16724,285.06693,284.73572,284.74695,283.08768
1006,1933-11-16,280.53125,280.48734,280.65158,279.7655,281.0426,280.09015,280.8443,281.74066,281.01944,282.11847,281.82166,278.90894,281.57382,279.9286,280.68976,281.38504,282.04465,281.6462,280.71735,281.5699,280.99667,283.33368,281.25397,280.3694,282.72128,280.04922,278.86282,281.47937,281.65265,280.14877
1007,1933-12-16,281.4913,280.2593,279.27463,277.62088,280.702,280.46146,278.71866,282.32962,276.69193,279.68362,280.15646,276.8199,280.3281,277.39752,280.12482,279.94608,278.711,277.7586,280.5339,279.0248,281.56384,278.8747,279.40295,280.9577,281.2808,280.66357,281.44916,280.8519,281.76788,277.41397
1008,1934-01-16,280.32675,280.6384,275.91785,273.799,278.1467,279.29913,279.65656,280.88968,279.10788,279.58063,277.5962,277.82172,280.00674,274.79507,278.8562,279.59305,280.50598,278.44482,279.4713,275.1545,278.3592,276.51245,275.42734,277.0703,280.10187,279.84357,279.92126,279.42722,281.31912,279.84793
1009,1934-02-15,277.22296,280.4818,276.0283,274.14813,277.2135,274.60214,280.85846,279.99625,278.17688,279.38318,278.631,277.73618,278.82095,277.03802,275.2173,277.0323,282.07657,278.03516,278.05826,279.30762,278.8447,277.18616,278.2871,277.6803,277.6666,279.87878,279.8538,272.1266,280.7337,277.9363
1010,1934-03-16,281.2527,281.6983,280.60413,274.69562,278.31226,278.52368,280.84622,280.06827,277.44,282.00613,279.12473,279.20892,278.77792,278.55978,278.0531,280.36417,281.40393,281.09647,280.54617,280.93298,278.87686,279.43015,280.94577,278.99017,278.9623,281.43063,282.05478,279.28134,279.413,279.96573
1011,1934-04-16,281.42047,282.64005,281.15002,278.52896,282.19656,281.7051,281.58942,279.79382,279.54633,281.96222,281.5575,280.9864,280.8499,280.64825,280.87952,281.53607,282.92023,280.41147,280.96188,283.28165,281.7245,282.01648,281.01547,280.5299,283.3752,283.51117,282.89667,281.79916,281.1657,283.0322
1012,1934-05-16,282.62128,285.5896,284.34787,283.598,283.1744,284.2213,284.3236,282.7691,284.32693,284.5219,285.70117,283.79166,280.24628,285.23447,283.43695,283.85834,283.56393,284.43115,283.83524,284.82724,285.67966,284.53317,285.631,283.9752,284.37155,283.79523,282.77206,283.06912,283.8005,281.79794
1013,1934-06-16,288.3428,287.30444,288.17654,286.86478,286.6033,288.21683,288.13593,286.2262,288.313,287.89215,287.7958,286.94653,286.30664,287.5814,285.68048,288.33505,287.68268,286.24988,286.22675,286.66144,287.83286,286.10458,287.36646,287.3747,287.34015,287.48105,287.15952,285.3191,287.59,285.82657
1014,1934-07-16,288.73605,287.79837,288.2734,288.76486,288.299,288.56067,287.85977,286.68253,288.77032,289.8997,288.66418,288.00812,287.46698,288.56894,288.8503,287.64307,288.76358,287.86285,289.3598,288.29547,287.8539,287.67932,288.40485,287.5729,288.77542,289.53482,288.795,288.19504,288.28357,288.33026
1015,1934-08-16,289.2616,287.32697,289.45932,288.3241,288.2536,287.9649,289.6497,288.95764,288.11554,286.64462,287.38098,289.68826,286.46292,288.61023,288.89127,288.64557,288.30856,287.40652,289.0408,287.84576,286.86353,287.95093,287.62515,287.12598,288.917,288.31198,288.35593,288.687,287.53293,288.74017
1016,1934-09-16,286.7681,287.60437,286.00806,287.0817,287.41794,288.42398,286.8023,287.96075,287.7873,286.9285,286.48755,287.92868,288.03946,286.06097,286.6829,287.20517,287.4782,287.20566,286.82996,286.67853,287.15732,285.7738,287.28076,287.27826,287.433,286.94272,287.79156,286.4587,286.18808,287.1961
1017,1934-10-16,286.31195,283.8807,282.57715,284.09442,284.8254,285.48856,285.13916,285.62646,283.81757,284.3747,284.88855,284.16006,284.82938,285.4634,283.62463,285.93292,285.8747,285.69394,284.50934,284.71136,285.65274,284.09927,284.48053,285.3639,284.742,284.56784,284.79007,285.09305,283.6699,284.85715
1018,1934-11-16,281.56512,283.00446,281.53134,280.6047,281.52563,283.35678,282.23135,282.03445,281.5352,282.70166,282.23206,282.29962,280.08502,280.832,281.13235,281.91232,282.89914,282.0641,281.9206,281.75244,283.85504,281.94284,282.94745,283.34824,281.7189,281.07397,281.1094,283.07974,282.35324,282.33984
1019,1934-12-16,280.54846,279.75714,280.74484,280.70966,280.24734,282.9355,279.24896,278.4941,279.96155,281.00122,280.5718,279.1548,275.7989,279.7368,278.91278,280.24387,280.48508,280.31146,281.92856,279.58026,278.12225,281.03073,281.84985,280.18335,279.73425,279.43814,279.39096,281.69247,280.724,278.86365
1020,1935-01-16,278.73138,280.76746,280.4751,279.09232,279.02603,279.0619,277.1191,278.9082,277.68808,279.78577,280.5875,278.359,276.54248,280.08798,276.70535,279.21817,279.26843,277.88885,279.48047,277.255,275.03296,278.29318,279.5023,280.59677,278.34283,279.51746,277.78738,278.30453,277.62057,274.72043
1021,1935-02-15,279.21323,281.1505,277.73657,278.53427,280.55307,279.17484,278.3287,272.79202,280.05457,278.82834,281.11026,278.21747,280.3654,277.6363,279.68042,279.23923,278.13474,278.17853,279.39908,279.1042,275.22427,280.0129,280.0049,279.58432,278.40894,277.84708,275.91934,277.84903,279.71335,271.15256
1022,1935-03-16,281.18936,280.31854,279.25027,281.91748,279.98685,280.43683,280.1055,278.99445,278.74448,280.79095,280.7022,276.01047,280.85684,279.5356,280.77905,282.02563,279.50247,280.7962,282.21536,278.32025,271.5648,279.72086,280.8979,281.74637,281.13675,279.13898,278.7448,280.15967,279.27753,277.06058
1023,1935-04-16,280.8086,283.46817,281.59283,282.60712,283.12262,281.09863,282.78143,281.33606,280.89764,282.6283,282.9808,277.45428,281.62347,282.041,282.0627,282.74368,280.86475,282.14316,283.87616,280.5897,277.09448,281.29742,282.1474,283.4632,282.63998,281.63315,281.55954,281.45544,283.11295,281.49643
1024,1935-05-16,285.7353,286.6979,284.8913,287.04233,283.95245,284.68445,284.19846,283.80148,286.09885,284.5665,283.31448,283.2139,285.497,282.75128,283.0312,284.9409,284.61694,284.8251,287.79138,282.862,282.54788,282.0087,285.61688,282.93555,284.4263,283.3717,283.9434,283.81287,283.989,282.6067
1025,1935-06-16,286.7445,287.7902,285.98544,288.49982,287.04752,285.33005,286.73178,285.61197,284.87366,286.18887,286.79477,288.2742,287.23184,286.23367,287.36987,288.00516,285.9312,286.31143,287.77252,287.30725,286.63507,285.9552,287.2174,287.8432,286.34073,286.18588,286.44177,288.25363,286.82993,285.5966
1026,1935-07-16,289.4016,289.20593,288.3261,287.27277,288.28955,287.5044,288.57327,288.12897,287.97876,287.69684,289.08154,288.54355,287.63095,287.18573,288.37378,287.62427,289.4669,289.8409,287.5178,287.74786,286.07104,288.24762,288.55035,289.85464,289.97876,287.97723,288.7281,288.97687,289.06226,288.33438
1027,1935-08-16,287.6407,289.14557,289.45358,288.5365,290.62253,289.525,289.408,288.91403,287.69406,289.33832,289.48108,287.66507,287.5045,288.5848,288.16476,288.9298,289.5697,288.27838,287.56143,290.63257,287.1478,288.00443,287.8231,288.06512,289.59702,289.73758,287.63763,289.05188,289.28406,288.48718
1028,1935-09-16,286.77515,286.997,287.3788,285.50784,288.07117,287.74207,288.8049,287.73444,285.5653,287.20187,288.0816,288.75967,288.07025,288.31305,286.82144,287.07034,289.6398,288.87244,286.19028,286.48196,287.40472,287.25125,285.80704,286.77603,287.4683,287.21417,287.14417,287.89725,287.25067,287.85727
1029,1935-10-16,286.16385,285.76605,283.6393,283.97656,284.24634,282.77606,286.6619,284.4829,283.74152,285.39984,285.28323,285.62964,284.91226,284.18604,285.39822,283.54175,285.02823,285.51212,283.99597,284.33035,283.25012,285.5225,283.59595,283.8308,284.268,283.63275,283.56467,283.93192,284.14856,284.23236
1030,1935-11-16,279.75803,282.5412,280.35406,278.98782,283.16492,280.4433,280.599,281.16925,281.75943,279.713,281.56094,281.9538,280.03574,282.08942,281.78433,280.82532,282.01346,280.86688,281.6597,281.50766,282.59045,282.7448,281.0525,279.61035,283.03238,282.1432,281.07626,281.22153,281.7094,278.69016
1031,1935-12-16,281.665,280.55072,280.78632,279.71872,281.74426,279.9816,277.4149,280.20325,279.67676,277.9782,280.1885,280.90125,279.1305,277.59924,281.338,278.85526,279.84885,279.6345,277.02734,278.53967,279.14362,279.3053,279.07358,277.27734,281.45517,279.26865,279.252,281.36908,277.33655,280.29715
1032,1936-01-16,279.1109,280.0291,280.17084,279.69232,277.80087,277.99216,279.924,279.60583,278.2092,278.8543,277.64032,281.2823,277.70724,278.02963,279.19205,279.72836,280.44327,276.8667,277.81384,280.05878,277.68515,280.2552,280.3624,275.86948,280.32507,278.7884,278.95712,279.32788,279.12436,278.1724
1033,1936-02-15,280.32846,278.97153,281.06113,280.74777,277.77203,278.07556,280.502,282.01456,279.6958,277.62152,278.07852,278.03052,278.86343,279.81982,279.85538,279.6906,279.16556,279.007,277.59253,280.1709,278.29953,281.02625,280.4517,278.3773,279.13623,278.79672,277.98553,278.84183,279.88782,279.98303
1034,1936-03-16,278.69717,280.8332,281.53186,281.0377,280.86652,279.1286,280.324,280.8058,278.3323,279.4933,280.32855,277.80295,279.36145,279.73965,281.02734,281.5147,281.30664,280.33127,278.689,280.00433,279.48364,280.77594,280.0692,279.8967,279.44254,277.1072,281.09756,280.2978,279.1198,278.6051
1035,1936-04-16,282.6801,280.72375,281.87976,282.12802,283.13065,281.7034,283.3265,282.26785,281.5738,281.5069,281.29987,280.33948,279.6605,281.5283,281.68448,281.80716,281.2433,281.95227,279.79947,281.29172,280.33292,281.37512,282.2832,282.49118,282.36447,281.6308,281.8461,282.80063,281.77032,282.3455
1036,1936-05-16,285.73758,283.15582,283.5314,284.103,286.20377,283.443,284.56384,286.0373,285.29248,284.57916,283.72537,283.7217,281.309,284.22864,283.52066,285.07587,283.4608,284.96176,283.60068,283.22614,283.06427,283.16394,286.22147,284.65027,284.8708,284.49533,284.48526,283.00504,284.59586,284.79355
1037,1936-06-16,287.9783,286.17532,287.1102,286.774,286.57236,286.79074,286.90338,288.12692,287.21127,287.81708,286.43152,284.34238,285.01788,285.6711,288.22314,286.0805,287.5078,285.86447,287.56348,288.67862,286.20258,287.00958,287.7188,288.2773,286.7845,286.71408,286.99365,286.43744,286.02676,286.62738
1038,1936-07-16,288.76965,289.14734,288.89783,288.75046,288.99216,287.9238,288.98016,288.10715,289.20102,288.98856,287.78836,286.44357,287.21313,288.6135,286.6224,288.0199,287.23264,287.58185,287.50372,286.27298,287.44348,287.49036,288.55798,287.81143,288.29178,287.1467,285.84537,287.88455,288.0303,288.25702
1039,1936-08-16,288.99173,288.33572,288.10373,288.04733,289.3391,289.44604,288.9085,288.59985,289.45337,288.419,289.46222,288.54312,289.05685,289.52136,289.01407,289.10284,288.16943,286.84943,288.03497,289.1829,289.24203,288.2905,291.01437,288.92273,289.55362,287.3443,288.335,288.8901,287.378,289.6457
1040,1936-09-16,287.57056,286.52136,287.84805,287.37546,285.86893,286.59625,287.84744,288.12064,287.86768,287.56586,287.92313,286.79355,287.11673,287.3048,287.22125,287.62326,287.68542,287.90643,286.98904,287.99545,286.62344,286.54132,288.03323,288.01993,288.9034,286.9356,286.59637,288.00577,286.95605,287.9814
1041,1936-10-16,285.4492,283.57074,284.41077,284.81332,283.2067,284.35205,284.78644,283.68307,284.3845,283.44275,283.5951,284.35962,283.98218,285.62964,284.08835,284.93228,285.60498,284.20914,283.64667,285.30386,284.1466,284.92532,285.713,283.9557,286.28708,282.85004,284.21375,284.0401,284.08224,283.99762
1042,1936-11-16,284.2566,281.4521,282.49582,281.87555,281.0315,282.7882,281.3488,281.74268,282.00766,280.9106,281.17294,281.63638,281.27475,281.21567,281.31076,282.67322,282.35654,282.10037,281.0333,282.78195,282.12152,280.97308,282.05823,282.27374,281.81354,283.0268,282.5209,281.39783,281.7246,281.23022
1043,1936-12-16,280.8775,280.58862,276.448,278.32327,279.33173,281.10074,282.04312,279.01187,280.88803,280.466,279.6348,277.47968,279.10867,280.02206,280.0917,278.61044,278.45712,279.80307,278.5299,280.2678,280.15417,282.308,279.79297,281.3463,281.5006,279.88907,279.03522,280.97092,277.15894,278.57452
1044,1937-01-16,281.00696,279.8729,277.7518,274.86115,280.147,278.66354,279.82532,276.95312,279.76672,277.54047,277.2553,277.55725,278.991,279.3138,280.23944,276.3459,278.90817,278.9661,277.4598,279.49203,278.19135,280.51144,278.20032,281.8061,275.99347,276.81116,277.41553,280.3518,278.50592,278.5123
1045,1937-02-15,279.327,279.06638,276.6946,275.862,279.33688,278.89648,279.1832,279.41196,279.5785,280.432,278.8245,275.10184,279.75806,277.9998,278.215,278.755,279.91873,274.68115,276.87286,277.8633,275.19067,279.91156,279.42072,278.79437,276.5014,273.05273,278.73618,281.23624,277.2983,277.08664
1046,1937-03-16,279.60193,280.2553,278.14194,280.2122,280.74036,278.24518,280.91055,280.09628,280.0709,281.45386,278.70593,279.08234,278.3887,280.17642,278.92093,281.7818,279.5572,277.51108,278.09967,279.73453,275.13278,280.42752,279.78162,279.7171,276.66806,276.21786,280.37717,281.46692,277.3375,280.4124
1047,1937-04-16,278.0526,282.23224,281.5787,281.1809,281.00555,281.91705,280.97348,281.90704,282.71695,282.35718,277.4493,279.96893,282.55917,280.3956,279.33563,283.2156,282.14896,280.1716,278.70853,281.88663,281.02997,281.71146,281.92548,282.54053,279.42303,281.88046,279.36334,281.25098,281.6785,281.56824
1048,1937-05-16,284.00104,285.64233,284.62146,283.13528,284.40417,284.20435,283.94647,282.47324,285.983,285.36368,285.317,282.33585,285.1123,282.39078,284.63474,284.37128,285.51923,283.5394,283.64746,282.975,283.84503,284.54828,284.15155,282.58258,284.91425,284.02573,283.5604,283.36047,285.25262,281.50296
1049,1937-06-16,285.91794,286.6626,286.64505,288.0005,286.77884,286.55518,288.05804,286.45322,287.1484,287.1238,286.11615,285.49847,288.32544,286.9166,287.00848,289.89188,286.25928,285.5075,285.8502,287.14526,286.52133,288.26102,286.45016,286.01566,288.19583,285.69125,286.9816,285.31018,285.6668,287.24796
1050,1937-07-16,288.268,287.37613,287.38345,287.75748,289.5759,287.54742,288.90826,287.39703,289.5339,289.78586,287.8922,286.51602,288.86365,287.5786,287.9062,289.083,289.89368,288.7231,288.58185,289.38174,288.24255,289.63815,287.81345,287.9001,287.70758,287.50668,288.62692,289.89697,287.63235,288.06366
1051,1937-08-16,288.61313,286.99576,288.29172,287.39996,288.6722,289.3675,288.11734,287.5475,289.09314,289.36594,289.49985,286.7132,288.8359,288.1106,287.85864,288.3715,289.6456,289.6733,288.28253,289.4967,287.85995,289.11957,287.31903,290.23642,287.89175,287.91882,287.94595,288.57388,288.2161,288.83917
1052,1937-09-16,287.89377,284.29956,288.4977,284.62515,287.0969,286.48288,287.42578,288.00137,288.73083,286.05157,286.76022,286.96005,286.3077,287.03027,286.56415,287.28915,287.9179,288.58914,286.8221,286.0994,287.0359,288.05984,286.5049,288.47958,285.2519,287.04163,288.0142,286.75616,287.25064,287.6443
1053,1937-10-16,285.17358,284.06924,284.7614,284.17554,285.56158,284.68835,285.39276,283.6224,283.11224,285.82407,284.05716,285.69424,283.4868,283.05334,285.87134,283.8157,285.2737,286.1778,284.18713,284.07452,282.64545,284.78256,284.36978,285.64655,283.4438,282.6462,284.53156,284.88687,282.95767,283.19318
1054,1937-11-16,282.31564,282.56665,279.89883,281.59268,282.7963,282.13306,282.0602,283.30927,280.15982,282.56418,280.65042,280.12878,280.96948,279.4848,282.07156,282.52347,282.0522,282.342,282.09412,281.40662,280.59656,281.85242,279.755,282.35132,280.78406,279.4799,281.91464,280.48062,282.09705,280.92587
1055,1937-12-16,278.5134,277.6992,279.23605,279.625,280.5524,279.17377,279.89362,277.90808,279.18414,280.24664,279.2578,280.35336,278.97128,278.52246,281.38718,282.25076,281.29587,279.55075,281.36453,281.0383,277.19467,278.85468,278.32477,278.60703,279.2725,278.46835,277.8084,280.17862,279.75912,280.9887
1056,1938-01-16,277.50262,275.14624,278.18457,279.9337,280.27704,277.84818,274.01288,278.9186,276.76184,279.39026,275.16022,278.72314,279.7992,275.18845,280.40726,280.24985,277.64102,279.84003,281.82935,281.4497,276.1885,278.93997,277.56372,279.91418,279.52115,279.43115,278.32468,279.81476,279.9849,279.84973
1057,1938-02-15,277.67224,272.07498,277.95477,278.85696,278.4045,279.94418,280.58975,278.7921,278.798,279.10046,280.143,280.68768,278.02744,274.9112,281.08044,279.043,279.92175,279.77103,279.31412,277.99692,274.59076,280.2882,277.7461,279.17697,279.33807,279.97452,278.44647,276.31552,279.70822,278.9678
1058,1938-03-16,280.65744,279.64944,279.90506,277.71106,282.23944,279.82086,278.60382,276.3785,279.23224,281.09943,280.7952,281.5388,279.52963,276.38385,282.22556,278.61084,279.60696,279.00208,281.2006,281.1037,279.38138,281.75113,280.1579,277.8293,279.87592,278.5232,279.76273,278.2105,281.71997,278.18427
1059,1938-04-16,283.6668,280.8412,280.1068,280.07675,281.0167,281.3766,282.73093,280.81155,280.2389,281.2965,283.38947,281.10684,282.786,280.7581,282.45114,281.89905,282.69934,281.1683,283.3853,282.17865,282.03833,281.37973,281.49478,279.29565,282.4407,282.356,279.9325,282.25992,281.70737,284.23276
1060,1938-05-16,284.63568,280.9068,283.31027,283.374,284.57217,283.12756,283.3215,284.8433,282.68597,284.1449,283.22513,285.04178,283.2913,284.84357,285.31186,284.23227,283.89795,283.15375,284.6572,284.88586,285.3828,285.67856,285.12134,283.7491,284.69666,283.55283,283.14603,282.95685,284.08408,285.27985
1061,1938-06-16,287.35336,284.90314,288.64612,286.9148,287.36093,285.1077,288.25485,285.88397,287.03265,286.8993,288.11795,289.6134,286.68036,287.36688,287.56516,286.44058,287.0452,285.95197,287.12448,287.44498,286.83725,288.17413,288.46414,285.57684,286.34814,287.26038,285.78632,288.38138,287.79718,287.6993
1062,1938-07-16,287.9901,287.92535,289.27313,287.85025,287.62955,289.274,287.72842,288.62518,288.34073,291.05243,288.5371,287.90253,288.23163,288.353,288.39655,289.51382,290.25928,287.0084,287.6255,290.4907,288.88632,289.5434,289.0408,286.9197,287.41528,287.41138,288.09622,291.00024,288.3836,287.39966
1063,1938-08-16,289.07312,288.53687,287.6357,287.98157,289.25473,288.3443,288.57275,289.15332,288.4704,289.29968,289.98578,288.51367,288.26425,288.7715,289.2562,288.53796,290.1141,288.65237,287.66293,287.91296,288.39215,288.52582,290.0835,288.63126,287.68625,287.4765,288.0127,290.33795,288.63513,288.8815
1064,1938-09-16,285.93948,287.26477,288.45514,286.515,286.77994,287.3107,287.5274,288.8722,286.563,287.98093,287.58063,286.9049,286.18878,286.6675,288.40286,287.55136,288.34854,287.2312,287.79816,288.0759,287.51755,286.7208,287.41367,287.57513,287.80865,285.92865,287.12167,287.93906,286.13922,288.0718
1065,1938-10-16,284.8395,283.60303,285.05466,283.6618,283.47482,283.9712,286.42343,284.91153,285.80246,285.7649,284.88455,283.97797,283.9015,284.77493,286.46893,284.30795,285.09195,285.92703,283.13834,285.68942,286.04,283.9816,282.24158,283.5109,285.69073,284.39856,283.24658,285.22195,284.23535,283.83005
1066,1938-11-16,280.24936,281.78467,281.65408,282.06668,279.0665,282.6536,282.0742,284.80518,280.35425,283.0728,281.2248,281.2723,281.19824,280.157,280.1707,281.72595,281.01883,283.5371,280.6337,282.29175,282.28897,279.9862,281.2968,282.30017,282.5271,282.63696,280.8711,281.845,279.81238,282.5994
1067,1938-12-16,280.4472,278.0754,277.93512,279.29733,277.40897,280.53986,276.71432,280.33875,279.6566,280.82074,279.946,280.8239,280.20474,278.34296,278.1905,279.6272,278.9883,280.6833,280.79633,278.3806,280.4475,280.68918,279.86966,279.6397,280.06534,281.55493,280.70117,281.4263,279.102,279.91965
1068,1939-01-16,279.43207,278.82126,277.72385,279.61548,277.9171,280.73212,277.49698,280.7293,278.74054,277.83917,276.3425,275.68777,278.29575,277.48398,279.02213,279.97736,277.40213,281.74548,275.07974,278.73596,280.60162,280.23923,279.7167,280.20224,279.16443,276.3174,279.80234,278.82745,278.40207,279.57095
1069,1939-02-15,280.9214,280.39017,275.66074,276.2058,278.8876,277.44873,280.03214,279.94086,278.1298,280.55298,277.54755,278.5479,280.4301,278.15836,278.52826,277.3938,277.08728,280.32562,277.75293,277.06342,278.87952,280.1272,279.55887,279.30466,280.82742,277.84485,279.04968,275.9687,280.57675,278.5967
1070,1939-03-16,282.6261,278.50754,279.47403,278.22678,276.72113,278.27304,279.4976,280.98038,279.14725,280.51392,280.24658,279.59824,280.0587,278.7075,280.62692,276.8765,278.79285,279.53864,276.7473,280.37347,280.77426,278.63776,280.3882,280.7576,281.05185,279.5586,278.96826,279.43088,280.31982,281.55884
1071,1939-04-16,282.55994,281.32513,280.21188,280.4146,280.56116,283.91257,281.60934,283.20447,279.91565,281.29813,282.29507,282.0212,282.00696,281.48413,280.18335,280.96423,279.7666,282.01157,279.98752,281.4916,280.63507,281.67566,282.53314,282.38995,281.10452,279.99734,280.56506,281.17584,283.03143,281.16504
1072,1939-05-16,284.3995,283.8319,282.94086,281.75534,285.60605,284.94464,283.83975,283.9777,283.24625,285.301,283.46707,284.15747,284.43863,283.70093,284.08792,284.32236,285.43753,283.6886,284.09213,283.1314,284.74734,284.44162,284.8927,284.60892,283.67392,283.2155,283.85815,285.77097,285.6895,283.51776
1073,1939-06-16,286.74292,288.76086,286.55652,284.8237,287.1339,287.10028,287.04434,287.37128,287.7348,287.8158,286.64404,287.17938,288.81772,286.51535,285.6788,287.6091,285.54266,286.7459,288.89874,284.75974,285.92554,286.2176,286.44583,287.7527,287.77902,286.74356,285.65515,287.70602,288.1249,286.66956
1074,1939-07-16,289.0753,290.1659,289.46402,287.07724,288.83505,289.00803,288.16345,288.65152,286.2446,288.5933,287.3638,287.45435,289.25116,287.91843,290.41098,289.65298,287.5295,289.08414,288.48572,288.05685,287.0955,288.56122,289.38354,288.20758,288.27518,287.46417,286.94193,287.532,287.85846,289.1068
1075,1939-08-16,289.9577,288.7003,288.6162,287.87634,288.55273,289.85074,290.68027,289.27628,287.49945,289.99368,288.71973,287.42798,289.4721,287.02533,288.43607,288.4306,287.13513,289.35254,288.03958,289.95648,290.5173,291.13882,289.79044,288.49545,288.25742,287.97357,287.80948,287.03006,287.31732,287.5077
1076,1939-09-16,286.97815,286.29282,287.19434,286.11542,287.07266,286.65604,288.32022,287.5847,286.05286,288.06613,286.77402,286.50043,286.90982,286.3815,286.50208,286.26508,288.29813,287.27014,288.45306,287.82394,288.46817,287.2738,286.84302,287.2989,287.05185,285.89215,286.87625,286.272,286.31784,286.1497
1077,1939-10-16,284.52774,285.00296,284.949,285.06436,283.33307,285.09088,285.92374,286.08344,284.69464,284.91953,283.85593,284.41766,285.4713,284.76334,284.63345,282.82773,284.306,283.80743,285.64902,284.2557,285.588,284.50513,284.60403,285.03857,285.88968,283.59183,284.68494,283.36435,284.0284,285.29974
1078,1939-11-16,281.24832,282.49292,281.59116,280.77,282.4143,281.42355,281.73486,281.81277,279.21432,282.82373,281.77737,281.85965,282.81573,281.26535,282.00143,282.78232,281.6713,283.23004,282.52753,280.73828,280.90915,281.9911,280.59238,281.66562,283.6814,280.84116,283.18903,282.2866,282.15018,284.03033
1079,1939-12-16,280.7748,281.109,278.83273,278.3688,281.21124,280.95508,280.97992,279.83466,280.65482,280.0804,280.00357,281.06888,278.56137,279.43185,281.3767,277.85242,281.32208,280.12723,281.16528,279.8588,278.95813,279.18576,280.6655,278.23322,278.58627,280.27304,279.34796,278.68176,280.2234,282.5892
1080,1940-01-16,278.93536,279.2659,275.64606,278.71167,279.6663,279.2383,278.89893,278.9255,279.89682,280.4076,279.55502,279.06473,280.32196,278.6486,280.1118,279.33035,278.78168,279.7842,280.41562,278.26508,279.85754,276.5755,279.62512,279.52124,278.4094,278.21127,280.88608,277.95276,277.97778,279.23526
1081,1940-02-15,275.7036,279.05997,277.7736,276.26044,280.35626,280.3192,277.86514,280.35297,279.3758,279.3885,279.35754,279.09268,279.1103,279.52292,279.58514,280.5515,277.45953,279.03195,278.24832,277.725,279.49594,278.1125,277.22028,277.971,278.00183,279.5735,277.63602,279.99362,277.88867,279.4883
1082,1940-03-16,277.01474,282.3981,279.58286,277.1151,280.18997,280.68704,280.53986,277.8843,278.10507,277.23505,278.59793,280.28537,279.4131,281.40564,279.8355,279.48203,280.6421,278.74243,277.60226,279.1588,280.33813,279.28897,278.104,280.4255,279.89478,280.97006,277.05106,279.24063,278.79163,278.9113
1083,1940-04-16,281.60822,282.314,281.37402,279.69095,280.0962,281.85434,281.1711,279.83582,279.94293,282.26355,284.09558,280.93677,283.78632,282.31467,281.72296,281.62552,283.08368,281.08884,282.43704,280.9288,282.54077,282.83615,281.10306,281.58307,280.98358,281.0995,281.74753,281.20184,282.26334,281.75735
1084,1940-05-16,284.18042,285.10013,283.70346,282.98306,282.60266,285.7891,285.4183,283.64664,283.36728,284.69562,284.38794,283.66037,286.93253,283.71402,283.72247,283.51416,286.564,284.78293,285.9721,283.8971,284.82303,283.2152,283.07034,285.11334,283.98224,284.21356,282.65314,286.30872,284.0465,284.61615
1085,1940-06-16,286.6155,286.77582,285.68777,286.2488,287.15942,288.07568,287.81357,287.6523,287.39108,288.9373,287.21768,288.74918,287.65988,285.53876,285.84216,288.4621,287.06543,287.70926,287.51297,287.04828,286.09818,286.76025,287.67258,287.79703,288.81265,286.1643,287.05878,286.71866,289.85504,286.9311
1086,1940-07-16,289.14398,287.41492,287.8922,286.7489,287.83878,288.1704,290.12994,287.67966,288.0329,288.20773,288.0196,289.07373,288.09528,288.07388,288.31598,288.33188,287.8893,288.75418,289.3059,288.78455,286.95953,287.4209,287.0359,289.249,288.17535,289.3129,287.2195,288.64963,288.53705,288.37195
1087,1940-08-16,288.5445,289.15366,287.36923,287.59207,290.06686,289.32614,288.0113,288.23325,286.0943,290.9546,288.34293,289.28757,288.32965,288.34235,288.7554,288.76474,289.50845,288.21716,289.95654,289.03964,288.51715,289.9686,289.03537,289.18552,287.86182,287.50702,287.4486,289.27255,288.21396,289.8133
1088,1940-09-16,286.75247,288.56125,284.652,287.48364,287.00836,287.67487,285.59027,286.20575,286.73483,288.6944,288.0464,288.47797,286.59595,287.08072,287.22263,288.11255,288.24814,287.29626,287.96286,287.35376,288.29626,287.59912,286.99808,287.23465,288.0036,285.88458,286.45706,287.39835,288.7874,287.53586
1089,1940-10-16,284.35532,284.88644,284.01233,285.32184,284.90475,285.36996,283.39798,282.77988,285.50662,284.77606,285.1032,283.70892,284.3056,284.02478,283.66406,286.92908,283.64392,285.30856,284.86035,285.16022,285.55826,284.72165,285.43292,285.34872,285.89145,283.17276,283.70667,283.26566,284.17758,285.36606
1090,1940-11-16,280.74927,279.74673,278.69888,282.74078,282.4282,283.2895,279.9971,281.63446,281.27103,282.51315,281.3702,282.645,280.70325,281.8367,282.65677,283.2952,281.3914,282.3907,280.27823,282.69202,282.19003,281.75052,280.6951,282.1006,282.38678,281.30228,282.24176,280.1053,281.56573,281.87274
1091,1940-12-16,280.84143,279.88785,278.6085,280.77045,280.96744,281.13693,278.2468,279.99054,280.5594,276.97513,277.30444,280.228,279.56073,278.4316,279.9554,282.7971,279.63678,277.86642,280.31567,281.4698,280.02386,281.0068,278.79306,280.70303,279.9101,280.23862,278.5621,279.48505,281.06235,279.80655
1092,1941-01-16,278.8158,272.3861,277.77698,278.43942,281.92813,278.3413,279.9584,277.96725,281.28006,276.81653,280.27957,279.16788,280.69205,277.29636,280.32895,280.43192,278.70572,279.15643,278.86655,276.18518,279.99292,279.626,278.5927,277.3989,277.1741,279.5513,278.56223,278.79156,279.322,278.42596
1093,1941-02-15,278.72156,279.26718,273.715,277.11084,279.22552,279.08224,278.6686,278.68387,277.6551,277.3917,279.92236,278.7089,278.86615,277.5345,280.67465,276.77048,277.77933,279.08533,280.60083,278.16284,279.6128,280.8897,279.02136,280.09125,279.07867,279.29108,278.43457,280.1991,278.5967,279.01117
1094,1941-03-16,281.24188,279.7693,275.8374,281.46075,280.69232,278.9439,280.05847,280.13315,277.92462,280.27502,279.68204,277.41516,280.66013,280.2137,281.29022,279.58057,280.1308,280.4675,281.1572,278.95078,280.2107,278.39896,280.2036,274.7692,275.18405,279.0301,279.97397,282.02396,280.49185,280.1608
1095,1941-04-16,281.38736,282.54547,279.9289,282.92523,283.86823,282.72934,278.8436,282.2196,280.80386,281.54788,280.47137,280.21054,281.7742,282.71182,283.75897,282.6132,282.63858,281.26126,281.81415,280.85083,280.45773,282.33856,283.2903,280.0688,279.10654,281.32965,280.67587,284.41476,280.88138,281.2077
1096,1941-05-16,284.41425,282.41763,284.08347,284.3472,283.29102,285.20255,284.10736,286.05826,282.87976,281.80573,283.90082,283.12137,284.76105,284.05994,284.6445,284.83145,284.23206,283.7348,285.2111,283.34174,284.00894,283.60782,284.22073,282.12387,283.59497,283.69272,283.69702,286.68018,284.54337,283.45514
1097,1941-06-16,288.06882,287.53854,288.27585,286.1913,286.70496,289.5109,287.41953,288.5588,285.12698,285.11157,288.71573,285.9427,286.74643,286.86557,287.8606,286.591,287.12766,287.6986,287.3333,286.4043,285.43988,286.58212,286.3931,285.90604,286.36893,285.87296,287.9086,286.97916,287.17838,288.15002
1098,1941-07-16,288.5048,289.52975,288.32266,288.02158,287.62775,289.42667,287.81506,287.1129,289.1119,288.4436,287.81244,287.94388,288.25815,287.00256,288.42038,289.35782,289.80588,287.86044,288.0764,289.74136,287.89926,289.70682,287.3219,287.84717,288.00452,287.8051,288.32172,287.59622,286.43832,289.10583
1099,1941-08-16,289.11932,289.7737,290.68036,290.02557,288.4274,287.87125,287.54843,288.7479,289.39032,287.42828,286.8114,288.7859,288.22592,289.10693,290.75058,290.00314,289.36597,287.87228,289.75006,288.6176,289.21472,291.39355,287.9382,288.65405,289.26813,288.26117,288.16998,288.68582,289.44116,288.77505
1100,1941-09-16,286.78506,287.27338,286.45093,287.6258,287.79767,288.6341,288.3276,287.1839,287.85632,288.05246,285.60486,287.21768,288.41525,287.92163,287.6669,286.74097,287.66785,287.49243,286.91245,286.44748,288.4433,287.60846,286.2618,285.92575,287.45596,287.03177,287.82965,287.6274,287.2961,287.6604
1101,1941-10-16,285.00497,284.93542,283.70065,285.49942,284.05664,285.17776,284.189,286.52344,285.08652,284.00873,282.62292,284.73724,284.02933,286.07968,285.54245,284.7628,284.33575,283.08633,284.47827,285.04498,283.364,285.35413,285.6776,284.85837,284.55725,284.30872,282.6277,283.4268,284.65482,283.3897
1102,1941-11-16,281.91586,280.87878,282.5908,281.57822,281.03577,283.42215,281.28088,282.1476,280.64212,279.86484,281.01633,284.4123,282.12726,280.41306,281.22144,281.36963,280.05508,282.41995,281.51953,281.9575,279.6771,279.15686,280.2124,281.46484,280.6754,281.1191,281.1977,280.85043,283.10303,282.069
1103,1941-12-16,277.75574,279.04602,280.923,280.15115,278.87805,281.75684,278.40967,281.49957,279.54022,280.7313,275.3785,278.93393,282.2647,279.14716,280.2006,280.30432,278.57962,281.07596,278.83075,276.71277,279.8465,280.05072,277.88666,280.2093,281.79865,276.0525,278.6538,280.4655,280.61777,280.23398
1104,1942-01-16,279.41183,278.9159,276.88565,279.372,278.54675,280.3689,276.79782,280.18307,280.32812,276.45547,278.06494,280.2406,280.12326,277.63016,280.75574,280.93463,279.27322,278.8401,277.58655,277.82278,277.66107,280.27765,279.6149,279.46838,277.05383,275.76743,277.44183,280.61023,278.76157,279.49615
1105,1942-02-15,280.13217,279.69885,276.37857,277.80493,277.9556,279.03372,276.97736,278.36017,280.5735,276.80792,279.0844,280.008,278.91763,280.7638,277.1585,279.07645,280.83218,278.64178,277.91602,277.799,276.953,279.07745,278.77615,279.62656,277.72833,277.99847,277.86307,278.25613,279.58307,277.227
1106,1942-03-16,280.05173,280.43143,278.69403,278.97256,275.57977,281.5677,276.11484,280.05997,280.84662,278.77264,279.8687,276.75018,278.3244,280.4624,279.75214,280.49747,279.90747,277.7016,279.9433,280.66956,275.7598,281.61133,279.6232,279.52185,280.17844,280.96085,281.5366,279.16486,279.15094,279.87494
1107,1942-04-16,284.223,282.96536,281.87872,281.68542,280.5825,281.6401,279.26877,282.616,282.04697,280.27982,283.70755,280.44235,282.01834,279.99823,282.67822,285.11145,282.3438,281.8141,279.26553,281.19492,280.0164,281.92325,282.937,282.38727,282.7875,281.6923,282.68933,281.87305,281.08148,279.63956
1108,1942-05-16,286.13196,283.51514,284.5328,284.28293,284.65216,284.1706,282.78732,283.33945,285.433,281.4114,281.4028,284.0959,283.7868,283.93076,283.21814,285.92697,284.96497,283.20984,281.99405,283.8265,283.24768,282.5691,285.30887,283.85052,285.4183,284.78485,284.33707,283.93842,283.5434,283.5958
1109,1942-06-16,287.6428,285.73096,286.50366,287.27393,288.52966,287.9025,285.80502,286.86142,288.9597,284.13132,285.5496,286.939,288.77588,286.39578,285.98926,289.1633,287.33438,287.39084,285.59042,286.4479,287.23904,286.7945,286.72653,285.72922,289.0143,286.29846,287.53793,287.35403,286.80463,287.03323
1110,1942-07-16,289.26855,289.5029,288.4273,288.16724,289.55557,288.7617,289.83594,288.96957,289.7827,287.05927,288.26193,288.756,288.84064,287.67944,288.0306,290.12704,287.82635,288.578,285.9076,288.28696,286.83804,289.4737,287.539,287.36655,289.60336,289.3636,287.5635,288.79254,287.62085,289.6588
1111,1942-08-16,289.08826,291.31345,287.90125,288.20148,289.3855,289.45297,288.55386,289.556,287.4001,286.85178,289.26422,288.87695,288.5264,288.9066,289.61035,290.23856,286.8359,288.8133,287.47995,288.7904,288.54742,288.6125,288.0421,286.85657,290.51978,288.59512,288.37656,287.99133,288.32104,291.42978
1112,1942-09-16,286.28598,290.7802,286.62222,286.7584,288.7635,288.1845,285.47345,287.19434,287.74283,286.26004,287.87125,286.81876,287.36734,286.24878,287.3147,288.26007,286.8937,288.66052,286.99014,289.05692,286.91672,288.2421,286.91476,285.76508,288.88904,287.72668,286.368,287.34277,285.37894,287.94403
1113,1942-10-16,284.13184,285.65817,283.7925,284.6436,283.883,285.42026,282.88577,284.77615,284.98926,284.98196,284.95255,284.30014,284.7334,284.50497,283.44028,285.91656,284.86298,284.63513,282.98862,283.37515,284.58026,285.48517,284.46048,284.50507,284.97852,284.94702,283.00598,284.10013,284.60764,284.11288
1114,1942-11-16,281.30325,283.1838,281.1329,281.46875,281.09283,281.92038,280.28113,283.39053,282.35797,282.1649,281.824,280.17798,282.58713,282.5471,281.78802,282.65753,282.1147,283.77393,280.45572,282.0315,282.76352,282.53183,282.4736,283.24896,280.3875,281.4347,282.40985,283.6842,281.23663,280.87027
1115,1942-12-16,279.9817,280.03036,280.43707,280.74985,279.8258,281.81918,280.28253,280.06558,277.28677,278.7837,278.40482,280.3228,278.04922,280.55807,278.78986,278.95135,279.65427,278.66693,277.23624,280.73505,282.27,280.51157,278.8257,280.61237,280.15955,279.06583,279.40088,280.31662,279.44122,280.2718
1116,1943-01-16,279.1447,279.10895,278.85477,281.32187,276.88937,279.914,280.9865,278.8848,278.5669,276.76196,278.69128,278.5766,277.8307,281.04474,278.15997,277.5116,279.54123,278.71912,276.11026,280.1679,280.65738,277.5032,278.62045,281.38046,278.71008,278.612,280.43454,278.94562,280.3939,281.58142
1117,1943-02-15,278.5825,277.33218,280.3985,280.542,276.75327,279.29562,281.0021,278.1772,279.492,276.62067,277.25677,281.32358,276.4098,279.63742,279.02615,279.9852,278.63846,277.69864,278.37894,280.4605,280.13846,276.7568,280.4059,279.64304,278.60437,281.05453,277.4143,280.42487,281.1285,278.25287
1118,1943-03-16,280.7049,275.6848,279.35233,280.44434,279.47012,278.85886,277.32852,282.81836,280.2105,277.23285,280.17334,280.68652,278.45908,276.29828,278.0411,281.388,280.88406,279.75058,279.94717,280.58215,279.4642,280.12872,281.54285,280.87183,280.28195,281.33426,279.75757,280.91,279.2644,281.0884
1119,1943-04-16,281.51584,280.66153,281.55276,281.88104,280.33725,284.03464,280.97165,281.5241,280.28244,280.82275,282.0969,283.2561,279.91415,281.7703,280.07083,281.8916,281.35455,283.2773,280.27713,282.01797,282.25897,281.8557,281.9603,279.88382,282.41315,282.04443,281.18445,281.6527,281.87967,284.20032
1120,1943-05-16,284.053,282.12512,283.5297,284.3674,284.2547,285.5819,283.53815,285.24448,283.31607,284.24423,286.25845,284.20483,283.54944,283.33005,282.61078,284.92148,283.593,284.9913,282.7938,285.6253,283.4418,284.6361,284.80026,284.5287,284.584,285.41086,282.85785,283.55783,283.33893,285.45578
1121,1943-06-16,289.26804,285.15756,285.90665,288.1059,287.81607,286.33777,288.74274,286.26968,288.69257,286.04108,288.53577,288.63855,285.04385,286.81174,286.8752,287.9514,286.5389,287.5458,283.0604,286.119,287.14032,288.3421,287.66754,286.49155,288.83075,286.30563,285.90314,287.17642,287.45312,285.75693
1122,1943-07-16,288.44324,289.28564,287.33905,290.0374,290.45468,288.72748,287.70163,288.4789,288.23203,287.6579,288.61462,289.1637,286.97726,288.16342,287.47995,288.83398,289.7749,288.52908,287.62958,287.2676,287.7115,289.86548,289.06314,286.78152,288.10403,288.0312,286.3919,287.71603,288.66232,288.12192
1123,1943-08-16,290.8754,287.9044,288.78165,289.20462,288.36768,288.59164,288.86963,287.79446,288.65985,288.62027,287.06952,288.24445,287.16068,286.66595,287.28067,288.51904,288.9149,289.0875,287.815,287.4063,289.7838,290.73355,290.19568,288.6479,289.10184,290.38763,286.19644,287.79156,288.42764,288.39963
1124,1943-09-16,288.03915,286.78082,286.62085,287.72226,288.16968,286.88745,286.84918,287.6083,286.13034,286.61893,286.74863,286.28683,286.65277,286.87946,287.27298,287.51627,285.1598,286.1563,285.41418,287.29596,287.5263,288.20288,288.71194,287.1315,286.76474,287.12042,286.56622,287.7637,286.8607,287.77954
1125,1943-10-16,285.16293,284.59143,285.96182,285.4473,284.1846,285.09662,284.12814,284.55545,284.9921,284.90225,284.68524,285.07867,284.5197,284.37805,283.34814,284.61154,284.37186,284.64935,284.65656,285.46756,284.39655,285.29608,284.71637,286.01947,285.97934,284.9289,284.4401,285.06406,283.15012,286.3259
1126,1943-11-16,281.19348,281.28665,283.1791,282.72473,281.00677,281.8538,282.1189,279.4151,282.3826,281.91055,282.0529,281.38724,281.61002,281.1663,281.5877,282.0307,279.70648,283.00803,281.3868,279.71677,282.37408,281.17892,282.70886,281.77106,282.51428,282.10022,281.17184,281.40073,279.74503,283.7889
1127,1943-12-16,280.12823,279.32263,279.73264,280.58823,281.44934,279.20868,277.78198,279.16113,279.7164,279.76474,280.12494,277.96066,280.4724,276.0116,279.73944,280.05707,277.53116,279.8847,279.1622,279.6887,282.0867,280.72446,280.207,278.38895,277.61774,280.67844,279.97305,279.7496,277.6739,280.31003
1128,1944-01-16,279.56332,278.85263,278.18243,279.83365,279.34094,279.40237,278.17657,278.67053,276.44373,279.96075,277.18127,277.3268,279.3817,277.0934,279.1856,276.19748,277.05823,278.5358,276.72833,278.1778,278.3874,279.74237,279.9468,280.13376,279.13113,277.17197,276.3689,278.11823,279.41394,279.58163
1129,1944-02-15,280.2377,278.72937,277.58612,279.95596,279.56842,280.3973,277.7174,279.16708,274.2537,278.61066,277.40344,278.3351,278.53207,279.54196,278.49808,276.8256,280.41736,279.61255,277.57474,277.81387,278.67642,276.10382,279.4241,278.07224,279.5174,274.22748,279.19006,276.73798,280.54288,280.9592
1130,1944-03-16,280.55814,281.4072,279.3305,280.64682,279.6198,277.41858,277.25436,278.3908,279.64154,280.26328,277.27957,280.29602,277.87018,279.99002,279.6783,279.92508,280.7749,281.32596,278.10297,278.21555,280.574,277.65082,280.61386,277.1057,278.5708,278.96027,279.35217,277.00662,278.87634,278.71118
1131,1944-04-16,281.22095,279.99045,281.57034,281.90564,280.30664,282.04156,280.31546,279.22546,281.05408,282.65735,279.9569,280.35687,279.11154,280.87567,282.568,282.1781,282.26453,279.53976,281.71848,280.83902,282.2784,277.64813,282.72195,281.48022,281.2559,281.58246,279.02173,281.6076,282.23108,282.01343
1132,1944-05-16,284.21597,281.93893,283.23608,284.34354,283.3268,285.72485,283.28912,283.46014,283.7234,284.8049,283.04974,282.7578,283.5504,282.58548,284.73056,284.16165,283.72702,282.34964,282.92493,283.55374,284.64975,284.13266,285.53958,284.20062,284.17154,286.0201,283.24625,284.8504,283.323,285.0404
1133,1944-06-16,285.35226,288.6003,287.4815,287.52832,286.2407,287.2401,285.09595,287.8382,286.542,287.42755,284.70044,288.27338,286.9929,285.50357,289.112,286.6068,287.93323,287.1266,286.91574,286.27658,287.86322,284.65503,288.9141,287.09302,288.57874,287.80722,287.20734,286.80118,285.76346,286.28552
1134,1944-07-16,287.7863,287.85745,289.19858,288.07907,287.8752,286.97726,289.36896,288.0873,287.97266,289.33954,287.90286,288.05545,287.6686,287.35364,289.14493,287.761,289.19974,287.55215,287.50702,287.5968,288.29623,287.87863,289.0624,289.56805,288.57986,288.0707,288.45993,289.4917,287.40192,287.62686
1135,1944-08-16,288.5673,288.41455,290.412,288.73996,288.1112,287.76437,287.4308,287.81378,288.0989,289.29996,289.1593,288.93683,289.35083,287.71616,287.648,287.88742,289.08847,287.73,288.1764,287.55725,288.34198,288.29932,289.2705,290.51144,289.8405,287.6222,288.5134,288.62943,289.17233,288.18262
1136,1944-09-16,288.37424,287.55045,288.0227,287.1605,285.1296,286.93726,286.5848,288.30664,287.27936,285.6218,287.2476,287.23148,286.59296,286.25134,287.02414,286.76605,287.8329,286.44537,286.81668,286.21008,288.10602,285.98456,286.8497,287.32523,286.19568,286.40292,288.57254,286.05267,288.7206,286.01926
1137,1944-10-16,284.53024,286.1923,282.81116,283.1875,283.44345,284.01517,282.4872,285.4336,283.02725,283.9768,283.287,284.98352,284.48615,285.79034,284.51495,284.46555,284.6628,284.5659,285.569,283.434,284.22186,284.39542,283.92783,286.34686,284.38068,285.22253,284.27222,285.61127,284.41135,284.24634
1138,1944-11-16,282.2419,284.49228,279.8632,282.7176,280.29922,282.94128,282.81607,279.95984,281.65878,280.76562,280.8724,282.5681,281.6791,282.27875,282.7609,281.26666,281.68747,282.338,281.55426,281.6564,280.64026,280.2648,281.84885,282.47223,280.2772,278.41193,282.22583,280.15848,283.59122,281.10226
1139,1944-12-16,277.4531,281.75494,280.96127,280.2699,279.35718,278.99225,279.67215,278.64484,280.24966,278.77838,280.76212,277.92896,281.59247,280.08954,280.8381,279.32767,280.2197,280.09103,278.03745,281.0023,276.9841,280.91666,279.80698,281.38354,277.57303,279.45483,279.89264,280.00183,280.46783,280.0391
1140,1945-01-16,276.7001,279.4269,276.30978,279.26123,278.93817,278.52798,277.08246,279.95392,278.41058,279.51947,277.29385,278.66647,279.4185,277.20853,278.57327,277.70566,279.14264,280.28482,279.83017,278.49902,278.73032,278.859,279.4016,278.90485,279.16965,279.66602,278.47925,279.99158,279.84473,277.58505
1141,1945-02-15,276.68134,280.7328,278.02496,279.25,278.2262,280.31778,277.78278,278.5484,277.27353,276.6059,277.8217,279.82053,279.29715,278.64484,279.42233,279.56412,276.90012,279.08713,275.7295,279.06497,277.53305,274.5275,279.10098,279.56635,279.94406,278.0749,277.78647,279.07538,280.7657,276.25418
1142,1945-03-16,279.7286,279.13654,280.65375,279.80563,279.81607,281.6604,278.82236,278.6131,279.57144,278.38864,279.24167,282.19965,280.02783,277.68054,280.00278,279.33035,280.83795,279.2155,280.74472,280.83643,279.73602,278.61127,279.5469,281.2724,275.42474,279.6142,280.27768,280.61017,280.83728,277.02002
1143,1945-04-16,282.2596,283.0208,281.7333,282.92004,280.65848,280.8705,281.3678,281.44528,279.93546,280.4302,281.2397,283.05237,282.9987,282.20944,280.3821,281.3186,281.45355,280.37,281.69934,280.88232,280.52313,282.3691,280.13504,282.24792,280.88202,279.18765,282.67926,283.22043,282.5517,280.51596
1144,1945-05-16,284.99402,284.20367,284.29935,282.8454,284.20804,283.40314,282.11932,287.50586,284.1103,282.78958,283.8225,284.18777,285.50146,284.90125,283.59967,283.64163,283.46265,284.316,283.6522,284.18457,284.35736,286.04208,283.71686,285.07895,282.52502,282.72366,284.57254,284.97733,282.80835,283.7529
1145,1945-06-16,286.93027,284.9501,287.27475,287.384,286.94907,286.73465,286.29117,288.5865,286.27478,285.12708,288.14893,288.0048,287.37424,289.6307,285.88004,286.90582,288.8523,286.44693,287.1481,287.96704,287.53354,288.2075,287.0501,287.13864,285.99185,285.2021,287.5847,288.38922,286.4692,288.66412
1146,1945-07-16,287.40665,288.0103,289.39883,287.25214,288.16614,288.8575,287.82315,287.7472,287.23175,288.3558,289.01123,288.85382,289.5174,287.6695,287.1836,286.57782,290.28146,289.2708,289.31213,288.19467,287.04135,288.75305,288.19507,286.8276,287.40082,287.91745,289.50867,288.28754,290.18002,289.60504
1147,1945-08-16,287.7548,288.9425,289.36438,288.80115,289.3603,289.1322,289.2184,289.80875,287.82098,288.25156,289.2511,289.35425,288.06946,287.29333,288.25864,287.44128,288.44974,290.3223,287.56766,288.07907,289.24268,289.3452,288.09955,287.76895,288.22675,288.056,289.28796,289.6841,289.48935,289.42798
1148,1945-09-16,287.88205,287.94846,286.21396,285.95535,287.22458,289.0237,286.25552,287.9481,286.99506,286.76807,287.29932,288.67758,287.78564,286.0613,286.2827,288.43246,287.56003,287.20593,287.31418,286.29572,286.46063,288.35092,287.84882,287.19965,286.0434,286.86774,287.33286,288.97382,286.84088,287.4738
1149,1945-10-16,285.39124,284.09048,285.13654,284.08603,284.17487,284.83768,285.02197,285.1646,286.4751,284.9761,286.1233,284.74527,283.57693,285.06702,284.62024,281.9841,285.44336,285.71,283.68326,284.86392,285.01373,286.38232,284.7216,285.6873,283.26428,285.3888,283.65414,287.58807,284.42264,284.4067
1150,1945-11-16,280.75925,281.76013,281.26254,283.02298,282.54083,283.45798,280.89233,281.73755,281.82288,282.19156,283.73083,281.93762,280.52914,281.56238,280.529,280.55347,281.63562,283.19675,280.3082,283.1058,281.21585,282.57022,280.6414,281.68735,280.3386,281.65646,281.7587,281.05576,282.1559,282.2165
1151,1945-12-16,279.45047,280.4023,281.8148,279.08026,279.95004,282.21237,277.7076,281.44205,280.3627,278.34137,280.13263,279.143,278.52457,280.26205,278.40445,281.4598,279.0248,281.43466,279.97025,280.1979,281.38318,280.38266,275.89035,279.22565,277.80264,280.8658,277.88608,280.20975,279.63165,278.86584
1152,1946-01-16,279.07166,280.52567,279.25586,277.53442,279.83112,280.58264,274.09457,279.25543,280.5151,280.99527,278.68665,279.98065,274.44043,277.14502,278.05154,278.84106,275.98053,279.24683,278.10672,279.5251,276.87134,280.90918,278.1269,278.36197,276.49216,278.2832,278.20294,278.88312,277.95154,278.6652
1153,1946-02-15,279.57025,281.0219,279.99008,278.8509,277.21945,280.44873,276.067,281.43533,278.10416,279.96307,279.80124,280.07394,278.16638,279.51636,278.97116,280.42532,280.09787,278.79794,277.8954,278.10223,279.56393,277.69656,280.04358,277.51907,275.6717,280.14474,277.85956,281.06226,279.75284,278.14246
1154,1946-03-16,281.50934,280.4549,278.6389,280.04446,280.82114,281.0575,279.24283,280.7056,280.5775,280.55328,281.12607,279.69897,281.36972,281.2633,276.23764,281.15988,279.188,277.75934,277.89056,281.36926,279.90088,280.34845,279.47748,280.12204,277.69727,279.74344,277.93146,280.45297,280.28702,277.49118
1155,1946-04-16,281.88724,280.87143,280.23163,280.51074,282.1074,281.33133,278.72278,280.87256,282.20612,281.3788,281.10303,282.86655,281.983,282.9446,279.887,282.47723,282.08774,282.0392,279.79895,283.83823,281.76645,281.67642,281.5416,282.5352,279.39218,280.4933,281.44,282.9271,280.51224,282.27417
1156,1946-05-16,285.0984,283.13895,284.36252,282.1894,285.71567,282.95224,282.1193,282.93207,284.59723,284.51895,283.01273,284.0018,283.48557,285.53094,283.21814,285.15387,283.12988,283.47946,282.62643,285.94724,284.21683,284.57022,285.26514,283.6873,282.7496,283.7073,284.0599,284.43985,283.76288,283.9231
1157,1946-06-16,290.9005,288.03735,287.1584,285.60916,287.42725,286.74524,286.76953,286.39096,287.84213,287.19745,287.2743,288.04324,286.4919,287.3094,286.86346,287.82925,286.53345,286.53232,286.11935,287.60977,287.17563,286.7325,286.9319,286.1237,285.94037,288.41626,286.9908,287.23935,287.5199,286.56635
1158,1946-07-16,288.79666,288.393,286.96725,286.73248,289.76645,289.85217,288.39618,285.9911,288.5494,289.61652,290.0151,291.1538,289.58115,287.27536,287.4026,287.75357,288.2261,288.379,288.0572,288.16754,288.90924,289.47845,289.71912,288.87097,288.34775,289.20428,288.7277,288.34726,290.30414,288.36575
1159,1946-08-16,289.84378,288.00616,287.47043,287.6136,288.61224,290.09433,288.50574,287.27664,287.15692,289.4383,288.89746,290.81076,288.43738,288.59256,288.23547,288.8339,287.3927,287.7717,289.60342,288.84662,289.25275,289.73178,288.90012,289.1396,289.85364,287.68768,288.28354,288.49515,288.656,287.3406
1160,1946-09-16,286.74127,288.64624,287.43085,286.4087,288.3952,287.87012,286.8786,287.9031,286.6512,286.1291,289.0189,288.4912,288.4061,287.79294,286.56604,287.7383,287.06677,287.45456,288.60583,289.04584,287.95236,287.99478,288.30005,287.7893,289.34943,287.08054,287.11438,286.5874,287.32864,287.0239
1161,1946-10-16,285.43185,286.67612,284.62155,284.44882,284.61975,286.69128,285.32114,284.64505,283.52628,284.57956,285.19913,286.2806,284.50986,286.07162,284.68344,284.47025,283.86768,284.88364,283.6964,284.87457,285.54797,286.0547,284.75778,284.87302,286.41306,284.74274,285.0036,283.45438,284.75418,283.38846
1162,1946-11-16,280.56793,282.24762,283.1369,281.1218,281.17484,282.14038,281.5576,279.30188,278.37515,282.25262,282.28918,280.63895,281.06668,281.1489,281.78906,281.78445,282.918,281.49344,279.87613,281.72458,284.26147,281.5463,283.3903,281.1422,282.3579,280.94473,281.41537,282.76086,281.52048,281.6631
1163,1946-12-16,279.6295,280.28964,280.6282,277.8804,280.32388,281.50406,279.81906,278.8581,278.1555,280.43933,281.9732,279.66016,279.7328,280.4483,280.6073,280.54385,279.26273,281.85236,278.9423,278.3698,279.40756,280.88284,280.36606,278.39685,279.47925,277.6241,281.20407,279.21692,280.68442,278.51962
1164,1947-01-16,278.8409,279.06738,279.83655,278.9495,280.52838,279.9351,278.1778,277.09964,275.31296,277.79425,278.51248,280.07568,277.17136,280.05225,277.28076,277.21066,279.60736,277.87262,278.9093,277.63507,275.78802,279.90012,279.8949,278.17154,279.69244,278.24442,279.06943,279.81784,276.8183,277.54858
1165,1947-02-15,276.0674,278.2726,279.27222,280.41486,281.22214,279.36212,278.1281,279.50757,276.63138,279.32452,278.80624,278.18665,277.7624,280.29492,280.08673,278.8523,280.59293,275.76773,280.14255,279.77042,278.7091,277.1656,279.74814,279.58545,279.81226,277.12735,281.77692,276.3433,277.45685,278.71133
1166,1947-03-16,278.74005,280.0485,278.8013,281.0518,278.86496,279.88034,277.5194,281.16714,275.96033,281.3124,279.6209,281.76288,281.52213,279.88873,277.4941,280.02808,280.6528,281.41614,279.5557,279.9694,281.14362,280.311,281.4135,279.96332,279.71994,277.59827,281.61182,278.96835,280.06772,277.41342
1167,1947-04-16,281.13632,282.20004,282.05893,282.84396,284.31082,280.938,279.6163,281.22714,279.77246,280.41296,282.8393,283.2284,282.80634,282.55087,280.97073,282.35773,283.22766,281.36066,281.61545,280.05447,282.1207,282.9932,281.2626,282.199,281.82718,278.8376,282.16315,281.12198,282.15656,279.22275
1168,1947-05-16,283.39246,284.99408,282.55765,284.41885,283.55597,282.6745,282.62885,283.98505,282.81137,282.30292,284.2185,284.4266,284.46753,283.63544,284.31244,283.33456,284.71683,282.89224,283.9044,283.58838,285.38177,284.91287,283.39117,285.3681,283.50464,282.4909,283.73865,284.64157,283.84195,283.0077
1169,1947-06-16,286.05438,286.54926,286.34372,287.37463,286.01953,287.78665,286.57336,287.39633,284.87164,286.12408,288.9235,287.7388,286.95694,287.00305,286.62573,287.06708,286.0299,285.4661,286.6844,286.7416,286.80743,287.80396,287.48126,287.1789,284.87268,287.52374,286.41006,287.63742,288.1686,287.60437
1170,1947-07-16,288.23764,287.39542,288.18158,288.25012,288.26758,289.04932,287.5855,289.33572,286.131,287.07275,289.747,291.20856,290.20575,288.53415,288.59317,289.06033,290.18622,289.30896,288.56763,288.382,289.14465,288.81436,288.9423,288.68646,287.8132,287.01303,290.5138,289.547,288.60504,289.1702
1171,1947-08-16,288.92474,288.3318,288.53778,288.51013,289.41232,287.97208,291.5447,289.06232,286.63422,286.9227,288.68076,291.15356,290.31506,287.57114,287.2109,289.54916,290.854,288.96606,287.5849,289.17908,288.36386,287.86444,289.6991,288.69217,287.81476,288.5825,289.7073,289.0151,288.9786,287.41306
1172,1947-09-16,287.34814,288.86548,287.6538,288.20813,287.57947,285.49857,288.54388,287.72913,286.1059,286.0624,288.5275,288.0086,288.58966,288.2528,287.40207,287.99338,287.85605,286.81702,287.88248,286.78537,288.08853,286.93533,287.60037,288.705,286.70038,287.17368,289.2329,287.18002,289.32254,286.86264
1173,1947-10-16,284.66534,284.9192,283.1653,285.62622,285.92575,284.3795,286.04,285.33835,285.02148,284.56464,284.5898,286.5558,284.64316,285.40097,284.35666,284.712,284.55734,283.57172,286.46432,284.42526,286.0539,284.1502,285.63107,286.098,284.51,284.40985,285.5749,284.56433,285.6551,286.15085
1174,1947-11-16,282.09012,282.77853,281.2886,282.67883,282.09894,281.71072,282.1237,281.70935,283.22525,282.79248,281.5734,282.9616,280.6908,280.70752,281.64478,282.6029,282.93063,282.2511,281.6663,280.74054,281.48154,281.33804,281.83173,279.5634,281.55853,282.2289,280.463,280.98224,283.56894,283.22003
1175,1947-12-16,280.15997,279.07587,279.18716,279.24112,281.37122,278.0447,280.6051,278.51468,280.97052,279.35397,280.66785,281.0181,280.643,277.43716,282.11185,280.31378,279.43057,281.28833,281.5171,279.86005,279.32138,280.84183,279.8833,278.48846,278.57166,279.8366,280.2633,278.90845,279.99634,280.5134
1176,1948-01-16,280.0955,280.05807,279.18155,278.92163,277.9677,279.8941,279.08612,279.29285,280.6928,277.84576,278.7511,276.54584,280.32465,278.19388,279.49606,279.88275,280.57486,279.6786,280.31815,278.28876,279.72226,279.42368,278.11823,280.5234,279.4248,279.71225,279.52686,280.29898,279.45285,278.2712
1177,1948-02-15,281.1699,280.19116,279.06192,277.6806,279.43582,278.34158,277.25385,276.6877,279.11493,278.37692,280.21,276.37598,281.9286,277.19495,280.26938,279.52975,278.8404,278.03708,280.9122,281.21875,279.4827,277.56668,277.22525,281.07303,281.40265,277.06128,279.75653,280.73972,280.2936,277.44418
1178,1948-03-16,279.90665,279.34647,280.95673,280.34903,280.64612,280.69547,279.8475,280.74222,281.7929,277.477,280.74667,281.03012,282.40204,278.0384,280.33264,280.57666,280.5933,278.07245,281.4882,280.73328,282.58258,280.968,279.33893,281.16724,280.0247,281.75433,282.08664,281.43143,279.79904,279.0017
1179,1948-04-16,281.47327,283.8967,281.48163,281.82574,282.13535,282.49954,281.54358,281.66272,280.80676,279.65497,282.12802,284.47485,283.68716,279.48605,281.70837,283.4721,281.3965,277.78302,281.7104,282.40594,282.25974,282.85925,280.1951,282.93872,282.55548,281.33978,282.19916,282.66028,282.53552,280.88815
1180,1948-05-16,282.6568,283.87024,284.73532,283.53198,283.74945,283.16602,283.4026,282.22302,283.56482,283.71426,285.64532,284.88342,287.2414,283.0227,283.46506,284.34634,284.81543,280.65863,284.76837,283.3972,284.4493,283.23343,283.07953,285.1686,284.72342,283.8821,283.34854,284.58328,284.53018,285.00745
1181,1948-06-16,285.66287,286.94318,287.00513,287.048,287.23917,286.27438,286.3561,286.6907,287.36142,288.2641,287.74237,287.23267,286.8185,285.64337,286.48508,288.26288,289.40338,285.20892,286.67328,288.45013,288.06656,286.7206,286.3788,286.04526,288.38538,286.48608,286.37463,288.7428,285.2748,287.56238
1182,1948-07-16,289.3663,289.23526,290.8472,289.06927,289.56247,287.722,287.5036,288.15005,287.71057,288.8446,288.7216,288.35864,288.67822,286.67007,289.42273,289.27853,288.07602,286.7443,290.13483,288.44867,289.12338,287.7956,287.07394,286.7094,288.01376,287.95453,288.5869,289.97162,287.75284,286.76755
1183,1948-08-16,288.1901,288.81476,289.52652,289.15732,288.98618,289.9417,287.89832,288.0852,287.7592,288.27057,288.7149,288.0987,287.94724,287.1148,288.51514,289.13177,288.16125,289.32693,289.73935,288.5359,288.29895,287.80008,286.94434,288.81223,288.49313,287.40213,288.86505,289.59818,287.55386,288.53
1184,1948-09-16,288.32867,288.3891,287.6387,288.4502,288.60272,289.14154,286.88696,288.61716,288.0774,287.6632,287.74472,287.27136,288.6341,285.0639,286.98764,286.73425,287.4804,287.26874,287.88605,287.40802,286.64505,285.8011,285.53638,286.86945,287.9108,288.462,287.32233,287.52283,286.66156,287.05246
1185,1948-10-16,284.15436,286.39255,284.61584,283.78745,284.58682,283.77466,283.4259,285.67093,284.10446,285.0843,284.32166,285.20078,285.37497,284.71402,284.72095,284.23663,283.4972,284.8939,286.22897,286.12894,284.10468,283.627,285.15186,283.2067,285.18164,285.04623,282.24353,282.57996,284.4787,284.7342
1186,1948-11-16,282.1217,281.93964,280.79672,279.5155,282.61447,281.06284,283.71542,281.0116,282.14642,282.08005,281.7045,281.3753,283.27795,282.30295,281.88327,281.37326,282.61697,280.02277,284.33722,283.06335,281.30884,282.2581,283.71756,281.03845,282.56125,280.50858,282.093,279.32733,283.1489,281.05383
1187,1948-12-16,281.94873,282.6583,278.22574,278.0617,282.0665,279.329,279.08115,277.65906,278.33865,279.0525,279.70795,281.89154,279.58136,274.87036,281.09854,279.8227,281.13165,279.4957,280.0763,278.80167,278.67157,280.06793,280.01303,279.59933,279.47638,282.03168,280.21625,279.29913,279.574,281.3783
1188,1949-01-16,280.2043,280.3368,278.92264,277.72012,278.56522,278.13974,278.28857,277.29053,278.9222,279.0679,280.12064,279.89285,278.04968,279.18192,276.1744,275.23132,279.83557,278.83197,279.01373,280.49194,280.151,279.07285,279.83853,279.6936,277.66342,277.12076,278.38242,277.92316,278.15616,279.2243
1189,1949-02-15,281.14926,278.99985,278.0251,277.096,278.92422,280.1499,279.1281,278.91464,280.4994,278.6338,278.55133,277.3889,279.8895,279.08826,278.8295,279.018,278.6681,278.9027,279.80502,279.03635,278.6843,278.84293,277.25296,277.85568,278.1148,275.54944,277.38174,279.43536,278.8066,279.19754
1190,1949-03-16,280.8913,281.33768,279.82312,280.00574,280.9883,280.37323,280.54056,281.87698,280.86176,279.73212,278.6943,281.01675,280.68604,280.19592,279.5687,279.8241,281.17825,280.5733,280.05457,278.40768,280.03705,278.39722,279.47015,279.66788,279.99734,277.15515,276.18027,281.6815,281.03345,281.31824
1191,1949-04-16,282.05203,282.96707,282.57086,279.06644,281.36572,280.75537,281.12927,282.02975,282.73053,280.37924,278.03943,281.643,280.94046,281.33078,282.2267,281.1115,281.96317,282.4918,281.04248,280.22684,282.08755,281.42114,280.40863,281.9289,280.5578,281.19366,280.959,281.98465,283.10022,280.04974
1192,1949-05-16,283.99582,286.22977,286.6965,282.55396,283.86615,282.737,283.46768,283.6565,283.29504,283.5551,283.07776,284.9933,285.2121,282.2864,283.89056,284.36206,283.8642,285.69165,282.55267,284.28613,283.99277,284.41116,282.85815,283.93655,283.77612,283.3391,283.0684,284.53976,283.29385,282.94403
1193,1949-06-16,288.14035,287.51227,287.85425,286.511,286.90375,288.5272,285.5703,287.03934,287.2855,288.53323,286.0376,287.2398,287.00757,286.3253,286.65366,286.67444,288.4702,285.91837,285.67087,287.9994,285.77896,287.67114,287.32858,286.2244,285.82095,285.81848,286.05298,287.00415,288.7835,286.96817
1194,1949-07-16,289.58878,289.92172,287.76425,288.29544,286.91843,288.69858,286.57907,288.1157,288.67102,287.20035,286.76117,289.6729,289.58398,288.83792,288.39023,288.30862,288.06958,289.67023,288.2724,290.0551,287.49945,288.97552,287.14102,291.28513,287.9578,287.84027,288.30914,287.97992,288.0385,290.25842
1195,1949-08-16,288.1269,288.84143,287.7581,287.13037,288.68356,289.72366,288.17627,288.55365,289.58737,287.643,286.1669,289.2394,287.87888,288.9648,288.25983,288.85727,288.54056,287.7796,288.43878,288.997,288.1344,289.2163,287.67422,289.21042,288.80554,288.82547,288.28683,288.3127,289.13745,289.39432
1196,1949-09-16,285.50354,287.6025,285.7843,286.9513,288.33966,287.0811,286.3574,288.49835,287.6783,286.81024,286.1693,287.24188,286.07556,288.69098,287.02316,286.38647,285.55154,287.65146,288.5581,285.60892,286.41315,287.60434,286.91608,288.4215,285.96457,287.35352,287.56268,287.59216,286.84906,286.6787
1197,1949-10-16,285.33194,285.20367,284.51508,285.8004,285.94147,283.41306,283.4076,284.57602,285.19955,281.8445,284.6247,285.05554,284.99722,283.0094,285.70197,285.1863,285.75504,284.23688,285.16205,284.22806,283.4121,283.65775,284.07065,285.93933,284.68442,285.9704,285.49283,284.9334,286.17743,285.11404
1198,1949-11-16,281.9227,280.35553,283.08517,283.09006,282.11612,280.01144,281.06784,282.71808,282.43842,279.16388,281.18637,283.08142,282.7597,281.53738,283.04965,279.82135,282.71838,280.4848,281.75888,281.1741,281.18262,281.7083,281.03497,281.75043,280.9405,281.924,281.0487,281.7133,280.99792,281.32288
1199,1949-12-16,278.89383,276.34778,280.35583,280.8096,276.77866,278.19858,279.9367,280.36652,280.55536,279.03564,279.62476,281.93988,280.07602,278.92667,280.96146,277.319,277.66644,279.3912,279.44498,280.23526,278.61826,277.8675,279.2724,280.2185,278.09125,280.53793,279.19186,279.4112,281.4711,278.87866
1200,1950-01-16,278.93835,279.28134,278.7988,275.7754,276.27942,279.0039,279.38388,280.0392,279.723,277.65515,277.30496,278.50604,277.02872,277.2522,279.56525,275.94034,278.616,277.83307,280.9649,278.9734,278.1861,280.74808,278.92737,282.08484,277.976,278.34686,279.3009,277.2615,280.35373,279.3312
1201,1950-02-15,278.11594,274.90573,277.30023,278.5882,278.87973,277.16043,278.85513,279.35144,280.19904,280.16794,279.8852,279.44485,276.93033,277.35864,280.89713,277.28485,278.68045,279.7442,280.00525,277.8286,278.92743,276.55957,277.30594,279.22366,278.95084,278.09418,278.63,276.17078,281.31644,279.22763
1202,1950-03-16,278.70447,280.41312,278.91565,277.30246,282.1018,279.6755,280.46252,277.0577,281.22092,279.97128,278.624,278.65952,279.43997,279.5634,280.06015,276.425,280.15656,278.46304,280.9571,279.07327,278.94257,280.72885,279.82712,281.8766,278.77936,279.2923,280.40393,279.4183,281.38565,281.27847
1203,1950-04-16,282.0109,282.77213,281.30142,282.10168,281.74493,282.24753,281.74606,278.87128,282.93213,279.6338,280.23615,279.2299,282.2659,283.64993,282.7432,278.43927,281.3618,279.4569,282.22708,281.4047,281.11813,281.57748,283.65286,283.00354,281.72238,280.7318,282.06912,282.23343,281.8747,281.7839
1204,1950-05-16,281.8753,283.65836,284.01968,284.98627,284.09274,285.95218,283.64615,281.94485,283.9831,284.49136,283.6267,284.2689,285.28207,282.48914,286.16513,283.32428,281.66565,284.94946,283.9799,284.44,284.40604,284.21555,284.59558,283.0732,282.72577,283.45776,284.37936,283.64395,283.90164,286.48465
1205,1950-06-16,287.32654,286.74792,288.4634,288.9757,286.8367,288.042,287.35684,286.8407,287.79007,286.74164,289.1963,287.65518,286.8971,287.83676,287.20786,285.43393,287.82297,289.18097,287.3635,286.70203,286.87204,287.98553,287.839,286.9193,287.02097,285.4884,286.51688,286.8708,285.75302,287.93912
1206,1950-07-16,287.98355,288.86914,289.3342,290.08655,289.33075,286.83987,288.20667,289.1681,288.3232,288.2252,290.22638,286.2816,288.1722,287.33347,287.58038,287.09592,289.69986,287.5683,288.13174,288.6389,287.82422,288.7295,288.60776,289.02933,287.14337,287.35956,288.16037,288.42838,288.96375,288.45844
1207,1950-08-16,288.77286,288.16168,290.40897,288.13678,289.15,289.17535,288.60028,289.0358,289.01,287.3101,289.10254,288.59402,287.668,288.30176,287.0949,287.98145,288.08887,288.55014,288.07965,290.24377,289.91458,288.4417,290.11893,289.04147,287.7127,287.51422,290.8247,287.21313,288.70706,289.87363
1208,1950-09-16,285.25385,287.24728,288.23978,288.56842,287.07065,286.65164,286.6064,287.49493,288.68216,286.67798,290.2212,285.81955,287.38092,287.1345,286.2316,286.4871,287.32916,286.94748,288.14282,287.13333,287.49136,287.4632,287.7255,288.51306,286.941,288.13992,289.2865,285.5106,288.6214,288.80573
1209,1950-10-16,282.01163,283.4991,284.5813,285.262,285.00177,285.0867,283.90012,283.6362,284.19434,284.1127,284.9252,282.9646,285.98608,285.71555,285.5457,284.1806,284.35648,283.92368,284.20694,283.61008,284.9936,283.91852,284.02768,284.27936,285.71362,282.63187,286.8969,284.6875,285.39218,283.30396
1210,1950-11-16,281.54437,280.5804,281.5321,280.45135,280.94363,281.95078,280.63382,280.24265,281.74835,282.37204,282.023,282.07495,281.51483,281.56302,282.61758,282.67236,281.2447,280.01843,280.95572,281.938,282.35764,279.20203,281.21817,282.20056,282.1476,280.6904,282.83408,282.09354,283.9663,278.7881
1211,1950-12-16,281.10718,278.8354,279.16263,280.00726,278.94424,277.8133,278.81595,279.4973,281.4004,277.6698,278.93277,279.69803,279.22693,281.07877,278.85193,280.2563,278.84964,277.9778,280.01202,280.0715,279.47107,278.02945,281.55423,277.4271,278.60883,280.0669,280.80396,280.83328,281.432,279.1967
1212,1951-01-16,278.43887,278.63202,278.3904,279.6203,278.3244,279.38867,279.6707,276.81903,277.93088,278.64117,279.43375,277.64224,279.8732,281.13528,276.81824,278.5515,278.73126,276.10406,278.49097,277.80777,278.9136,277.34366,279.07077,279.2295,276.5186,278.84308,277.64713,279.91232,279.7965,279.20703
1213,1951-02-15,274.99896,276.54935,279.05905,278.87552,277.85538,280.3665,278.35587,279.49765,278.00928,278.00485,278.8817,279.1272,279.60263,279.74603,279.13757,276.35873,279.53662,275.96277,279.86768,279.69562,277.30408,275.60788,278.07166,280.15967,277.9107,278.12845,276.18066,278.91473,280.50385,279.77243
1214,1951-03-16,277.00446,280.6994,278.65924,278.80875,280.25137,278.39554,278.5512,279.75632,279.24478,277.05017,278.24088,279.00656,279.73602,278.39697,279.56287,280.6311,280.342,277.3626,281.02457,281.2346,280.0465,280.53473,281.53696,279.31683,279.20267,279.84326,281.10178,279.7888,280.67487,279.88525
1215,1951-04-16,280.68875,280.89014,282.2412,280.17856,282.7007,281.6156,282.84372,281.21414,280.62686,280.98932,280.87415,279.47244,282.8154,281.57135,282.7727,283.29337,282.9349,281.80215,279.74918,282.9593,281.56326,281.47098,282.5663,279.71817,281.05695,278.55887,280.2729,280.5532,283.07346,281.2446
1216,1951-05-16,284.05267,285.63672,285.1519,283.1634,282.72607,283.6042,284.25424,284.92142,282.48898,283.3949,282.85822,283.42313,282.94522,284.4012,284.5858,283.67664,284.55536,284.27542,284.30777,284.53848,283.5892,283.1298,286.01193,284.22043,283.83035,285.4085,284.08112,285.24463,284.20767,284.36395
1217,1951-06-16,286.84506,285.81543,287.64536,287.62164,288.2099,287.59677,287.90173,287.6941,287.00885,285.64264,286.3231,287.34653,287.21402,288.90845,286.1372,287.32568,288.19983,286.63342,286.94058,287.55475,287.42282,287.4063,286.38303,286.71265,286.96082,288.1575,286.019,288.31232,286.6737,285.93988
1218,1951-07-16,289.1995,287.50467,289.0134,288.87906,288.4891,288.47018,288.7811,288.67978,288.43762,288.19836,287.55096,288.50616,290.4994,287.5845,288.1885,288.2086,287.73618,289.99625,288.28256,288.5615,288.37067,287.39612,288.90225,287.26126,287.99725,289.49246,287.38525,287.88474,287.47336,288.11285
1219,1951-08-16,289.03717,288.2398,290.57275,289.535,290.36743,288.33752,289.4623,288.29962,289.49265,288.21277,287.9017,289.23657,289.51346,288.6621,287.80115,287.3966,288.26614,288.24936,287.64255,289.8299,290.09323,288.6142,289.45535,288.30392,289.15298,289.17484,288.73047,289.2576,288.79108,287.76782
1220,1951-09-16,287.00626,288.19806,288.15424,289.6149,289.38074,288.5835,288.34705,286.66672,288.9701,287.89102,286.03018,287.81348,288.88464,287.97528,288.51007,286.09818,286.93347,287.25406,288.0571,287.7338,288.3817,287.6442,286.7776,286.7979,287.23737,286.64038,288.65656,287.38315,286.27283,286.93298
1221,1951-10-16,284.55713,286.04297,283.0629,285.12564,285.05853,284.717,283.81223,282.83774,286.50354,284.14813,282.29453,284.62177,286.49643,283.69095,286.0744,285.7497,285.17728,281.81036,283.965,285.4965,285.00055,285.73505,284.78583,284.2087,282.58475,283.83496,287.05597,285.30978,285.85062,282.54257
1222,1951-11-16,281.55807,283.26898,280.25443,281.74994,284.24503,283.04675,279.4576,282.23773,281.2829,282.19568,280.1404,282.22968,281.961,281.9066,281.58994,282.15607,283.31934,280.30942,281.36478,280.19006,282.5304,281.65787,282.1684,281.67398,280.84647,281.1199,281.9558,282.51123,282.00854,280.1389
1223,1951-12-16,281.21976,280.27716,279.0,279.83435,279.76935,279.90512,279.0525,280.20828,280.00858,279.72098,279.80487,278.24182,281.1249,279.68634,279.59616,278.84128,282.0656,280.90326,279.31946,280.87994,280.12506,279.86423,279.91766,279.14755,281.19635,279.9855,278.26587,279.92987,280.13422,279.2866
1224,1952-01-16,279.93228,277.5962,279.2125,278.45996,277.751,276.0293,274.61554,276.33118,280.14807,276.81155,278.15408,279.99188,279.0206,279.8894,278.33194,278.9895,277.71405,278.15482,278.37216,280.91217,279.51016,277.6552,279.83633,278.07184,280.6545,277.8571,277.40424,278.54355,279.39243,277.36057
1225,1952-02-15,280.71146,276.4627,278.4513,278.46313,279.47324,276.83585,276.11584,278.81418,279.63034,279.8167,275.9547,279.27917,280.0874,280.08963,279.7218,279.36142,280.78406,280.2032,280.19006,281.2421,279.69287,277.33087,277.834,279.2263,280.67505,275.8464,279.7926,279.43362,280.59363,278.01587
1226,1952-03-16,279.48267,276.4685,280.68854,279.09357,277.8924,280.68756,276.4525,277.8452,278.07632,279.7887,276.44092,279.38245,278.8447,281.0832,280.11377,281.31598,280.49625,280.3368,280.0714,281.98306,281.40866,280.53574,277.25143,277.7556,277.70377,276.65903,282.26843,279.39258,279.25183,280.0659
1227,1952-04-16,282.5053,280.1451,280.74554,279.9112,280.4425,282.00394,279.6727,280.36188,280.2279,282.1939,280.9415,280.60815,282.98993,283.31097,281.7464,282.07712,280.7371,281.321,281.23676,281.18982,281.29327,281.3017,281.4283,281.0582,278.95935,281.1298,282.1569,282.234,281.2747,281.75833
1228,1952-05-16,284.26007,281.31448,284.08893,284.17294,284.5128,284.3996,283.56094,282.77512,283.04956,284.20294,283.28833,282.70352,284.8492,283.98618,284.77264,284.3901,286.4926,283.285,283.37585,285.81036,285.99847,287.09683,284.55096,282.9227,284.56857,284.42294,282.96704,286.00003,283.9578,283.05933
1229,1952-06-16,287.26535,284.96512,287.06967,285.75394,287.60617,286.80252,285.323,285.80637,288.05127,289.19812,285.82486,287.27704,286.1582,286.9734,288.5986,286.28784,289.99023,287.90298,286.78284,287.19833,287.73138,288.47556,285.98843,287.39056,287.1053,287.30954,286.83688,287.73868,286.87784,288.01834
1230,1952-07-16,289.9918,288.07556,288.02203,288.3764,287.74997,288.8663,287.79633,289.1334,289.75635,288.83722,286.85022,287.50903,288.18454,286.7534,290.4214,287.8659,290.33994,288.8032,287.3337,290.41537,288.67926,289.3491,288.058,288.34985,288.75082,287.62015,286.60852,288.6063,289.13083,289.37933
1231,1952-08-16,291.5101,288.5482,288.0507,288.5016,288.28052,288.28226,289.14844,290.1775,288.44498,290.88162,288.97943,287.50845,288.57944,290.0587,289.5014,287.4973,288.15546,290.02463,289.19598,289.57413,288.60767,289.31635,290.06915,289.2892,287.59137,286.54694,288.1079,288.72748,290.0159,288.46497
1232,1952-09-16,288.24704,286.63095,287.57074,286.3246,286.12054,287.52917,287.366,286.76926,286.76685,287.10147,285.76065,285.20007,287.56998,287.29935,286.82196,287.9545,286.08493,288.0376,287.9818,288.29138,287.91882,287.22382,288.1418,288.12967,286.93204,285.07086,286.22034,287.81015,289.24045,288.33847
1233,1952-10-16,285.92908,284.3647,283.29178,284.06293,283.46283,285.78088,284.39868,286.20795,284.07382,284.6918,283.02878,282.42065,284.8279,283.2875,282.7652,284.404,285.35223,284.66498,284.2219,284.01617,282.95987,286.29886,286.61044,284.3886,283.93396,284.43494,281.00217,286.3042,285.19876,283.1303
1234,1952-11-16,281.4437,282.11038,283.3482,281.0624,280.62048,282.38367,280.6394,280.95935,281.38754,282.93628,280.6778,282.57123,281.5692,278.4202,279.59515,281.00162,283.4904,281.7878,280.73404,280.70245,280.95444,283.25418,281.95877,280.5996,280.55167,281.88226,281.4928,280.60953,282.7101,280.9859
1235,1952-12-16,279.2259,281.52423,280.83377,280.27747,278.3813,278.242,279.4413,279.68262,280.42612,279.89932,278.87347,281.15216,281.1387,277.01715,279.78464,278.90848,280.51767,279.73267,281.27094,277.8302,280.60742,280.12323,281.14627,276.64987,280.96228,279.73184,280.2318,279.74255,281.05844,279.98907
1236,1953-01-16,275.47177,279.56326,279.36752,273.83832,280.55875,280.62436,280.0099,281.91327,280.2057,278.86627,273.44598,277.73087,275.72314,277.2143,275.74185,277.60632,278.86652,279.64264,277.4991,277.44473,277.6524,277.18814,279.08182,278.8026,279.33646,278.38974,278.96304,277.0716,279.729,279.40057
1237,1953-02-15,277.97375,281.518,278.52103,272.7718,277.63525,278.7787,279.5606,280.3131,278.7229,279.6712,278.6133,278.56143,278.54892,275.18954,278.12436,278.5791,277.56894,279.99808,278.84464,278.55862,278.88187,279.19644,281.81808,280.622,278.12363,277.60956,280.4546,280.53802,281.50668,277.11768
1238,1953-03-16,278.7236,280.00616,280.49182,275.5944,279.9882,280.1171,279.82983,278.5017,280.30637,281.5068,279.59735,279.55945,277.0988,278.49695,277.70618,278.93744,281.4134,280.2123,279.95294,280.8062,277.34146,281.11652,279.7101,281.1454,279.64267,278.07806,280.76193,281.4985,281.0235,274.67776
1239,1953-04-16,281.3745,281.66876,282.56537,281.06824,281.6051,281.0157,283.83572,281.3277,283.7916,282.14487,278.4763,279.99155,282.27335,279.92313,282.2961,279.56775,282.40536,280.6751,281.71832,280.96323,280.6775,280.62238,282.07663,283.06143,280.95236,278.87067,281.2095,280.75327,283.56274,280.37973
1240,1953-05-16,283.85974,284.2919,282.85468,286.33844,284.1926,283.8003,284.62628,283.82214,286.21756,284.52353,282.18332,281.28778,285.8813,283.8436,285.46597,282.58044,285.16504,282.9452,283.30655,284.08792,284.00217,283.67258,283.6119,285.7925,284.68246,282.1098,284.83527,284.7393,285.68335,284.58215
1241,1953-06-16,286.09875,286.9091,286.28836,288.30563,285.6843,287.34775,286.2303,286.47122,289.11868,288.3447,286.76993,286.3328,286.6407,287.01083,289.8231,285.86334,289.56082,286.89648,286.65366,285.80304,286.6282,288.1959,287.25018,287.94058,285.46194,284.39996,286.73895,287.6309,287.02887,287.8128
1242,1953-07-16,288.1017,289.0401,287.14746,288.73157,288.3166,289.53012,287.93893,287.81964,288.76163,289.92758,287.2749,288.36206,288.74033,288.18005,289.16873,287.9083,288.57077,286.97278,288.48114,288.63434,289.5899,289.6471,288.81757,289.0716,287.48224,287.77075,286.5374,289.1686,289.07715,287.56277
1243,1953-08-16,288.8092,287.59097,288.7607,288.5545,289.31363,290.119,287.7429,288.1324,288.52548,287.2762,287.91022,288.30533,290.9413,288.82346,290.92462,290.49188,289.41476,288.2013,287.18076,290.11816,288.33215,290.8314,290.0066,288.8898,288.14545,288.084,288.56564,288.91098,287.6036,287.92267
1244,1953-09-16,289.00714,286.9025,287.8196,286.44843,288.06192,288.63263,287.3364,287.84918,286.73102,285.17715,286.75143,286.0031,288.39426,287.11584,286.816,286.42593,287.68353,286.67026,287.6457,287.43112,286.06595,287.33228,287.2431,289.34186,286.454,289.184,286.0972,287.30713,287.95728,286.2483
1245,1953-10-16,284.18372,285.4233,284.03647,283.6665,284.79913,285.21323,284.10135,283.54062,284.82568,282.86765,285.6816,284.98557,283.30106,283.5762,285.38437,284.09253,284.79745,282.6613,284.2243,284.6163,283.03992,284.30444,283.14368,284.06946,283.74152,285.27313,281.98944,284.02094,285.1622,285.77783
1246,1953-11-16,282.3287,283.34933,279.885,281.29126,281.04272,282.35452,282.48273,282.0651,282.80252,280.84708,282.86084,280.9926,281.41107,282.0645,282.38193,280.77963,282.22922,282.25592,279.86484,282.32803,280.34717,282.00934,281.49515,281.93283,280.4985,281.23233,279.87854,280.20102,282.94687,282.95465
1247,1953-12-16,279.82297,279.0353,277.7236,278.5689,281.0962,279.66977,280.3749,279.89185,279.7726,279.66846,281.32956,280.66046,279.9013,279.21732,281.2852,279.80005,281.4049,276.78333,277.52557,281.3766,280.22357,280.53168,280.55542,280.50598,278.684,277.73224,281.18115,280.03436,279.09534,282.21976
1248,1954-01-16,279.13937,278.28687,279.19275,279.7973,278.59155,277.8065,276.8714,278.56958,278.839,279.32657,276.64938,279.8987,279.72314,278.33005,280.3988,277.70172,280.30847,277.3328,279.29675,281.7731,279.9011,280.73456,280.20367,278.51114,277.4611,279.50916,277.43198,278.45016,279.69287,279.96082
1249,1954-02-15,278.87372,276.84546,280.45828,280.14722,280.06244,279.0984,274.28976,278.0897,277.16232,276.17505,274.98386,279.47568,279.96664,276.78613,280.5342,278.81625,278.44324,278.6552,277.87964,279.55316,280.00778,277.31763,278.93887,279.05692,279.80652,280.6002,279.29562,281.4411,278.96527,279.30487
1250,1954-03-16,278.60062,279.3165,281.0842,280.45227,281.25943,279.26886,277.1549,279.78018,278.85373,280.25748,278.72427,280.44742,282.44565,277.87762,278.8876,280.7016,281.3462,280.5848,280.97794,279.57913,279.3648,279.97552,280.77423,279.66772,278.29303,281.15918,280.61972,280.51962,281.4067,279.15228
1251,1954-04-16,281.01642,281.2588,279.84442,281.36996,281.08148,281.88354,279.98154,281.75912,281.0718,281.56497,281.32605,281.9406,282.643,280.4123,281.32364,280.9512,281.4645,281.5666,281.2261,284.42084,280.8802,279.78412,281.4343,281.1783,280.93152,282.08047,284.0331,281.9708,279.98737,281.05872
1252,1954-05-16,282.25946,283.55188,282.51285,285.5273,284.04294,282.44818,282.61996,283.7218,283.8377,284.11212,284.48654,283.8025,285.08093,282.8954,283.02783,283.54373,283.46393,284.61728,283.5976,285.25638,284.06763,283.73996,284.42303,283.41556,282.28116,284.04102,285.64423,284.4661,282.38232,282.31052
1253,1954-06-16,286.88547,286.05643,285.7325,288.58014,287.7018,287.94067,286.75357,285.64987,287.259,286.5452,287.07462,286.46323,287.17947,287.7211,286.28894,288.74878,287.63904,287.24982,286.32303,287.81833,286.5737,286.0415,288.51013,286.25964,285.4723,286.684,286.62332,285.3233,286.5004,286.03296
1254,1954-07-16,288.0947,288.7894,289.45905,289.1069,288.90738,288.62793,287.1055,287.987,286.88226,289.28766,288.82535,286.78827,287.82208,292.61316,286.48816,287.3346,287.8685,290.08417,287.9535,287.54425,287.6397,288.10052,288.6774,287.78964,287.5545,287.4289,287.50122,287.96405,288.20224,289.0858
1255,1954-08-16,288.35513,289.1074,289.48114,289.37387,288.49033,287.98788,289.06946,287.23953,290.23206,290.1811,289.83813,288.51157,288.7842,291.3265,288.65833,287.60553,289.38458,288.90472,287.28854,289.5687,287.88638,289.23993,289.15274,288.60825,288.68356,290.67,287.94888,289.37674,288.91144,289.0355
1256,1954-09-16,287.4252,287.08002,288.47632,287.08682,286.80872,286.53616,287.92834,286.7264,287.81586,287.7596,288.18048,286.40237,288.52646,289.39304,287.63345,286.1833,286.08783,286.6907,286.51105,289.05585,287.30988,287.9326,287.3969,288.00842,288.32306,286.65674,287.0713,287.82053,286.91534,287.13983
1257,1954-10-16,284.98297,284.01334,284.66473,285.2935,284.00146,284.37662,283.51474,284.50998,285.47916,284.09354,283.8512,284.5976,286.03284,286.09338,284.73688,284.49857,285.27808,284.33624,285.5607,284.2619,284.3613,286.15677,285.0448,283.59598,284.6769,284.68875,284.67038,284.44223,283.43417,284.28345
1258,1954-11-16,282.02084,281.35083,282.17496,283.4528,281.94836,281.2025,282.70535,281.24,283.33694,282.49222,282.92258,282.0691,284.48987,282.4568,281.40204,280.6838,281.8723,282.80154,281.5627,281.18277,282.85922,281.4403,283.0541,279.75818,281.91882,281.683,282.13336,280.0359,282.9524,282.41058
1259,1954-12-16,280.43457,280.88602,281.27448,280.38242,279.74493,279.94363,279.9011,278.47543,280.79462,280.62305,279.18213,278.92145,278.29126,279.78973,278.3415,278.19986,281.09464,282.11203,279.71338,280.3345,280.40466,279.50327,280.92346,278.07114,281.55466,277.9135,280.26508,280.79437,281.85306,278.13196
1260,1955-01-16,278.80032,278.65393,280.81357,280.4134,277.73532,279.1547,279.8606,278.91537,278.7547,277.73087,276.8195,278.9223,277.5421,280.1391,279.9016,279.27856,278.56418,279.7796,278.2019,279.83292,278.88925,278.26205,275.03204,278.38824,280.44058,280.87262,276.63278,279.58008,279.384,277.73242
1261,1955-02-15,278.29935,276.23468,279.08356,278.51297,278.4378,279.81604,279.24716,279.62967,279.54782,277.97192,277.12955,278.39114,279.52844,277.735,279.3815,279.8574,278.1304,280.2928,280.8818,278.7256,280.90033,278.95642,278.1946,275.91354,278.96634,278.50638,276.95163,279.17978,278.289,278.92862
1262,1955-03-16,280.79007,277.6916,282.18665,278.6308,280.00153,279.81247,280.82727,280.6764,279.99774,281.18,279.71313,279.96548,280.15775,278.36496,279.42416,281.1619,279.51535,281.98697,277.25684,279.3098,281.93338,281.05557,280.40836,280.45032,280.61096,279.49304,277.3473,280.74597,278.78717,280.62482
1263,1955-04-16,280.8335,278.6994,283.03934,282.11237,279.84567,280.8364,280.6299,281.99475,281.61395,280.8513,282.3381,281.0544,279.1561,281.44778,282.28604,284.08197,282.78793,283.2948,280.65213,282.80295,282.4837,282.91434,279.74408,281.6951,280.18967,280.9332,280.7866,283.02203,281.5128,280.39496
1264,1955-05-16,284.59146,284.5948,284.58945,282.6085,283.05032,285.59595,282.34375,284.1525,283.65305,282.454,283.86728,282.74158,283.199,283.72986,282.79663,284.15634,283.90195,283.92447,283.85406,284.60587,285.05893,284.52347,284.11804,284.44266,284.5834,283.8313,283.92642,285.19843,285.2032,284.81952
1265,1955-06-16,286.9845,288.41766,288.74484,286.47406,286.4618,288.099,287.36047,285.9687,286.2113,287.49313,287.14612,286.7697,286.44608,287.37704,288.4053,285.6672,287.95383,286.74628,288.3672,287.436,287.4279,288.3387,286.64893,286.33453,284.61157,284.8194,286.15604,288.6544,288.65234,286.95255
1266,1955-07-16,287.5088,288.75266,289.68573,288.6299,288.40128,290.43283,287.4524,287.53516,288.31247,287.68268,288.8665,288.565,290.1554,289.1325,287.7648,286.27298,288.76096,288.50287,287.8119,289.9266,288.3403,287.59338,289.346,287.97034,288.7407,287.84726,288.59546,290.60562,290.26407,287.35724
1267,1955-08-16,288.6317,289.23706,287.7765,288.95398,288.4259,288.9645,289.65164,287.78275,289.25812,288.33432,289.15396,287.9009,290.0471,286.85745,288.97375,287.40457,289.16293,288.9519,287.98145,290.1011,288.84894,288.88147,289.8793,288.37665,289.17508,289.06317,289.0399,289.07516,287.92166,288.21393
1268,1955-09-16,286.28116,287.4206,285.77078,288.6696,288.1938,287.11368,288.53696,287.14758,288.01196,287.69705,285.68033,286.5139,287.32852,288.10678,288.1404,287.36404,287.36487,287.4934,286.60812,287.86734,288.50418,288.11963,288.84442,288.2962,286.42465,286.91214,286.8767,288.7692,288.14975,287.02936
1269,1955-10-16,283.70438,284.79025,283.97983,284.13913,284.0609,285.05887,284.65945,283.66882,284.74402,285.39368,285.02734,286.05942,284.95905,282.71222,282.4569,285.68674,285.4199,286.12204,281.67712,285.7112,286.65982,284.79117,284.74353,285.92926,284.11035,285.4213,284.8779,285.5378,284.25415,284.5581
1270,1955-11-16,281.3546,279.79547,282.2857,279.947,283.45694,281.38583,280.85782,280.39444,283.47153,282.6393,282.4832,283.02426,281.86096,282.02655,281.33157,281.00446,281.5,282.2606,280.24625,282.41513,282.9486,280.70157,281.69247,283.1063,284.2334,282.08142,282.55887,283.2921,281.57895,283.3372
1271,1955-12-16,279.9401,278.5781,280.94794,279.5027,280.47964,277.92538,278.3797,278.12152,280.0436,281.32248,280.51398,281.33737,280.53918,281.16135,279.64908,281.3607,279.34677,278.48697,278.63675,281.43323,279.76913,279.4566,280.09418,279.5077,281.04517,278.98773,279.19824,281.49414,280.86725,280.63486
1272,1956-01-16,280.09344,277.69296,278.17062,277.43994,279.3759,279.37527,279.03952,275.82388,275.9235,280.90015,276.79593,280.45047,278.6779,279.6935,277.1868,279.40643,277.35547,280.36426,279.74222,276.29846,276.16135,275.91953,278.47025,273.70163,279.39883,277.57626,278.14264,278.20227,280.05154,278.84277
1273,1956-02-15,278.4733,277.26828,278.83,279.522,281.6399,281.59378,280.29626,273.11972,277.22235,276.1715,279.4004,279.62906,279.25784,276.29037,276.96448,278.5629,276.5343,279.04083,276.4248,280.4887,276.86252,280.066,279.37415,278.75616,279.56894,278.37332,279.16623,279.14343,278.1109,278.04077
1274,1956-03-16,280.22644,275.71216,277.55038,279.9601,281.1014,280.95874,278.58783,278.3617,280.0554,278.6768,278.14755,278.60803,279.8676,281.2904,274.6747,279.16278,279.88297,281.23846,276.87164,282.52536,280.54565,280.25418,280.22482,276.68808,279.65784,279.64102,278.7088,280.38736,278.80923,280.00592
1275,1956-04-16,282.65482,277.3574,277.72092,283.50668,280.76196,283.20523,280.92188,278.73737,283.29803,281.29388,281.54028,282.32153,281.81088,283.06592,278.2945,283.34506,281.18607,282.5738,279.49765,284.8802,282.45398,281.82776,280.6882,280.99146,281.16708,280.18665,281.78165,282.41315,279.81796,280.48312
1276,1956-05-16,285.79575,282.65704,282.94022,284.7266,284.34183,284.90735,284.62912,283.17688,284.4518,284.28387,284.56198,284.32468,284.34613,283.1253,280.96646,285.08508,284.27573,283.70898,283.21005,285.85812,283.44327,282.55225,283.59836,282.7528,283.43945,283.5056,283.41833,286.8842,282.66733,282.59418
1277,1956-06-16,286.29782,284.23926,286.39157,286.9106,287.3933,289.42166,288.89682,284.64795,286.33298,286.92725,287.00137,285.66916,287.50476,285.85187,287.72217,286.18942,285.10263,289.39456,286.1309,289.30298,284.33426,287.2032,287.15536,285.13046,286.3124,286.63388,286.33887,288.2313,287.4516,286.5896
1278,1956-07-16,287.90445,287.97522,289.36057,287.0786,288.4837,287.5621,287.23038,287.4601,287.71582,287.60492,286.1793,288.4729,288.69623,288.27426,289.1492,289.2212,288.1723,290.3882,287.92508,289.20288,289.49115,289.33167,287.6672,287.77438,288.27893,287.0579,287.89484,290.7274,288.3165,288.8219
1279,1956-08-16,288.72513,289.53308,289.38113,289.86658,289.43994,289.04047,289.38608,289.02048,288.20374,288.90686,286.31064,289.20502,289.0642,289.60873,288.35608,290.37225,289.52518,287.90015,288.2098,289.0407,289.6044,289.71216,286.84515,288.30115,287.75897,289.43353,287.24728,288.4952,287.83365,288.92822
1280,1956-09-16,287.95847,288.67368,288.11627,285.93393,286.81683,286.66098,286.7943,287.2517,287.63055,286.87088,286.24457,287.44382,287.2471,288.96072,285.61597,287.15628,285.79333,287.34787,287.4239,288.00085,288.58646,286.71387,286.32782,286.51675,287.0295,288.45242,285.74,286.47073,286.30588,287.5142
1281,1956-10-16,283.8101,285.405,285.1464,285.3643,284.1936,285.6995,286.332,283.96765,283.9513,283.4332,284.6357,284.65143,285.37253,284.60587,283.02628,285.03418,284.50632,284.7762,283.48398,285.83276,285.68243,283.7445,284.0067,285.07547,285.13852,285.7773,284.8713,282.44562,284.29828,285.00168
1282,1956-11-16,280.23343,281.55896,280.6287,280.54825,280.77982,282.0956,282.41296,279.01303,280.8216,281.83212,281.50507,280.9498,283.08188,281.95544,277.82944,280.21567,281.95007,280.68445,281.76062,280.97845,283.50516,279.75372,282.15326,282.00687,281.31677,281.51688,279.56155,281.57452,280.91318,282.06012
1283,1956-12-16,278.33664,278.45755,279.26953,279.27127,279.372,278.30203,281.91263,278.90396,281.13272,279.44577,278.7264,281.5472,279.31403,278.26227,277.26495,279.82504,278.56058,280.88925,279.28122,281.6101,281.76413,279.88074,278.39972,278.55722,280.69485,280.59006,278.15024,281.0037,280.93863,281.49835
1284,1957-01-16,277.5214,279.77972,278.43472,276.8834,278.8142,278.7295,280.1478,276.79282,278.9604,278.1888,278.1761,279.55954,280.08005,278.17383,277.9574,278.7753,279.63345,278.67853,278.7273,280.25604,282.0288,280.18427,278.87503,277.41812,278.46414,280.5428,280.44965,279.12872,279.17657,279.89526
1285,1957-02-15,279.07812,278.72913,277.82288,277.2978,278.0994,279.23584,277.22864,277.24997,278.3893,277.59064,280.30194,281.02237,280.0694,278.79712,278.18335,278.14014,279.29828,279.33624,279.22955,279.39935,278.50546,279.1147,277.35806,276.67004,279.99472,277.5078,278.57883,280.21802,279.44092,279.60013
1286,1957-03-16,277.9935,278.3783,278.806,280.6739,280.08325,280.2185,278.5583,279.84357,279.97162,280.63107,281.05548,279.1753,279.4617,279.24265,280.6889,279.96957,278.1274,280.37936,280.00992,279.19864,280.50137,277.1579,275.66504,278.435,277.90552,278.57254,281.4471,279.39832,279.21976,281.00247
1287,1957-04-16,282.34653,281.80347,281.67752,281.54944,282.32666,281.84344,283.2621,281.64783,280.44226,281.65808,281.55777,281.4949,281.7587,281.1329,279.98117,281.94202,280.4473,282.42313,281.71378,281.09738,283.36765,281.3124,279.153,282.07178,280.19534,282.33,283.02646,279.75436,282.23804,280.73825
1288,1957-05-16,285.58087,284.12253,284.42673,283.98294,282.41498,286.12613,287.0265,284.1711,283.2867,285.80576,283.6891,283.12515,283.7904,282.7192,284.56155,284.4437,285.9631,283.9852,287.05383,284.7356,286.86017,284.50168,283.11874,283.4698,283.36133,284.04953,283.87173,284.243,284.0874,283.80948
1289,1957-06-16,288.13577,287.28568,287.22333,286.4537,287.396,287.2673,286.0673,286.50006,286.65182,286.98096,287.85553,286.7646,288.7026,284.16266,287.09424,286.21844,287.74518,287.49847,289.92807,289.19247,287.89087,286.7125,287.6825,286.21472,286.72897,286.32666,288.44934,288.755,288.12213,286.49213
1290,1957-07-16,288.10175,288.07504,288.41678,288.1803,288.55627,287.23456,290.20178,288.61557,286.86646,289.48642,287.57663,287.1005,289.18842,288.31494,287.05215,287.13333,288.8119,286.9597,288.41003,291.17587,289.27026,287.6168,287.7746,287.39215,288.05463,287.14896,288.44855,287.69345,290.5709,287.93353
1291,1957-08-16,287.22073,288.6904,289.05063,287.71857,289.39847,287.6396,288.26813,287.9472,288.11752,289.6532,287.80237,289.55496,288.2701,287.81857,288.4574,287.79907,289.8656,287.51544,289.48407,290.77402,289.53357,288.51337,286.6568,288.00394,287.17923,288.96616,289.36713,287.85745,288.65225,289.78635
1292,1957-09-16,286.71024,286.9408,287.21338,286.2405,288.24518,287.05084,287.12823,285.39127,286.92917,287.3633,286.98572,288.1656,289.90536,287.56152,288.07602,286.29935,287.55258,286.72736,287.4852,288.94327,288.28656,286.3178,286.9065,286.9538,287.24115,287.3679,286.84396,286.7211,287.04688,289.22418
1293,1957-10-16,284.8845,283.16177,284.26666,283.57175,284.3055,284.1584,283.93323,282.6199,284.51025,286.44492,283.25275,283.89352,284.76022,284.42468,283.28937,284.09787,282.60397,285.12964,282.9423,284.26743,283.3887,284.88702,285.4514,283.4816,285.2652,285.98944,284.24564,283.04764,284.82468,285.1064
1294,1957-11-16,281.0946,280.5047,280.8354,281.33258,282.0346,282.8399,283.73416,280.15213,280.61978,279.98605,279.35886,281.18112,281.79083,280.99973,279.76968,280.96228,281.96194,281.1126,281.84415,279.57513,281.72787,282.26688,280.97977,281.44522,280.41196,281.36075,281.4612,280.50037,282.16714,281.96906
1295,1957-12-16,277.31363,276.74124,278.8653,278.98328,279.5548,281.46695,281.62473,279.6156,278.95584,280.94675,278.96158,278.62405,281.14706,280.73456,278.10263,279.9609,281.1179,278.19156,281.00153,281.65933,278.81503,279.29562,279.11774,280.44965,278.52563,279.8762,278.9608,279.27234,277.03558,279.0162
1296,1958-01-16,278.21167,278.82343,277.35202,279.43588,276.56894,277.10663,279.49756,278.3583,278.10583,279.55927,277.98383,277.94366,280.21375,281.47668,273.76587,276.99185,278.70724,278.35815,280.8678,279.26553,279.594,279.64713,277.67236,277.7549,279.85754,279.40073,278.51755,280.6227,281.137,276.74008
1297,1958-02-15,277.57565,278.50372,278.87912,277.60895,271.5479,276.36377,280.44424,279.10187,277.81085,279.23703,279.3303,278.8107,278.5249,280.75073,273.91443,277.40857,280.202,279.8373,278.71072,278.81805,279.09967,279.785,279.77515,278.06537,279.933,279.82504,279.72784,275.5661,274.8196,278.47717
1298,1958-03-16,276.20203,280.46075,280.6118,278.76215,278.55554,279.6673,280.55872,279.2771,278.35696,279.76956,280.20404,279.6711,280.90256,279.28476,278.0474,279.09415,280.44675,280.47467,279.42062,277.19174,281.1162,281.89148,280.1619,279.4306,280.67508,280.76953,279.94077,275.39273,274.8903,279.08652
1299,1958-04-16,281.76517,282.38818,282.1398,278.62885,281.49072,279.99658,283.46796,282.54898,279.09647,282.44455,278.68027,281.4225,280.91183,280.54764,277.83755,281.30487,284.09415,282.48514,280.28052,282.55435,282.79337,283.22717,282.2703,281.12265,282.36505,282.05084,282.307,280.15985,281.68723,282.29816
1300,1958-05-16,283.46994,284.2695,283.16425,283.84363,284.75302,282.34525,283.1908,284.59903,283.37634,286.0181,282.41016,284.1694,285.45645,283.9294,282.10004,282.04196,285.52124,284.4339,283.26056,285.24908,284.63318,287.6672,283.5101,284.67526,285.85767,284.65115,283.34225,285.07324,285.02725,283.8287
1301,1958-06-16,285.98624,289.16046,285.67578,286.11206,286.71777,284.81836,286.3641,285.61368,286.6886,287.4854,287.4856,287.8917,287.80328,287.6608,285.66037,285.6163,286.5478,286.3838,285.8857,288.38358,287.61307,288.79758,286.9297,286.4966,287.08557,287.51892,287.1091,288.33728,287.48083,287.00766
1302,1958-07-16,288.51703,292.29303,286.5574,288.1129,287.02344,287.80792,286.56055,288.611,286.79437,289.12363,287.42227,287.1361,288.03204,287.52448,287.7941,289.92953,288.87048,287.28677,288.79675,288.85907,290.96243,290.1015,288.6288,288.372,288.63742,288.00146,289.12057,290.33716,287.33682,287.27524
1303,1958-08-16,289.02737,289.82172,286.74094,289.73444,289.34158,288.78436,288.4691,288.89246,286.82556,287.26617,287.65167,288.3181,288.7914,287.541,289.0684,287.73193,288.5571,288.49185,289.1111,290.40955,291.43698,289.53647,289.68506,289.54044,288.14578,288.02563,288.72287,290.13968,288.23615,288.81882
1304,1958-09-16,287.28174,286.12036,286.69003,287.87134,288.189,286.69965,288.91708,288.67865,287.04446,286.25598,286.7805,287.22464,289.02832,286.83005,286.72693,286.76862,286.97824,288.69238,287.5291,289.0818,287.7135,287.99826,287.59006,288.0036,287.82788,286.86975,286.78592,288.46933,285.37143,286.99506
1305,1958-10-16,285.1125,284.31226,285.03622,285.178,285.89267,283.88077,283.99048,285.20587,283.57913,283.96957,283.59476,283.24533,285.49643,285.4579,284.09573,283.8211,283.66068,285.36694,284.05453,285.39444,284.68887,285.24814,284.45847,284.2739,286.11044,284.76352,286.693,283.6632,284.91364,284.94156
1306,1958-11-16,281.8115,280.599,280.73322,283.47485,284.08054,283.0741,281.98633,281.82043,282.4139,284.3506,282.01392,282.71872,281.15015,283.1871,281.39847,282.51556,282.0692,281.9176,281.7353,281.71628,282.15247,281.59787,283.2262,280.90964,283.02454,281.24173,283.84583,280.86618,282.22098,282.60828
1307,1958-12-16,280.09186,278.51324,278.27206,278.3532,281.5526,281.03876,281.81284,279.52234,278.68137,278.23935,280.43964,279.4146,280.86105,278.98846,280.83377,280.07263,278.74072,277.60287,279.6022,279.8588,274.79572,281.34808,280.6512,279.4924,281.1508,281.59946,279.9437,279.8853,278.69122,282.10675
1308,1959-01-16,278.99237,279.64417,278.36072,278.15164,277.87497,278.75354,275.63562,280.86557,279.3102,276.78485,278.30414,277.2552,278.6346,279.00885,277.3377,279.82596,276.57892,278.9009,278.40976,280.60373,279.0047,275.42303,280.4603,279.31857,279.49655,281.40927,277.80414,280.01807,278.07693,280.554
1309,1959-02-15,279.07388,280.8941,276.7021,278.95947,279.0502,278.95673,276.78268,278.5114,280.771,277.5408,277.0824,276.02283,277.83554,280.15424,278.7464,281.14398,278.7576,277.5036,278.9133,278.7463,280.5114,277.58154,279.7503,277.8784,279.16708,279.50912,277.2366,280.25803,278.05942,280.28732
1310,1959-03-16,281.6212,279.9704,279.72232,279.34244,279.71646,278.4619,279.1526,281.54514,282.0476,280.5403,275.50116,279.8242,280.06125,280.58197,281.37866,280.73874,279.9539,278.84125,278.78683,279.85657,280.2651,279.70395,281.02664,278.2646,281.50174,277.88696,279.29605,280.2021,279.72916,280.93253
1311,1959-04-16,282.434,283.35217,279.5848,281.2172,280.02658,280.7196,282.43808,283.07513,281.13538,283.08267,279.08118,277.73328,281.10767,281.69452,281.93085,281.69376,282.2919,281.25476,281.4407,282.94894,283.7812,280.76416,283.34958,281.18024,281.23602,279.95264,282.42978,281.54745,280.59958,280.81754
1312,1959-05-16,282.98648,282.7665,283.29285,286.11502,284.57635,284.648,284.19604,284.7248,284.23938,284.15192,282.7605,283.64523,282.88672,284.76,285.14688,285.3483,286.74646,285.5248,282.9161,284.73315,287.18393,284.05533,285.8593,283.58704,285.04254,283.97385,285.1441,283.75687,283.48694,286.61703
1313,1959-06-16,287.58856,285.8523,289.84232,289.05264,287.02243,288.21854,285.74405,287.7812,285.8248,287.46448,287.0701,286.9307,287.2039,286.46075,286.96832,285.85718,288.5347,286.7657,287.23004,287.46454,286.69284,286.91296,286.85574,286.2965,289.48254,287.99945,285.5186,285.51877,288.5085,288.05423
1314,1959-07-16,288.78073,287.08997,290.07822,289.6487,291.12994,287.26642,287.9759,288.28247,286.68118,287.5704,288.2643,287.69443,289.27463,286.24664,285.58463,287.39487,289.11005,288.46356,289.3883,290.3135,289.47818,288.82712,288.09055,291.33246,288.90503,289.34735,288.32782,287.54703,289.4559,288.3167
1315,1959-08-16,288.04694,287.26108,289.80948,290.05484,291.63483,288.11176,287.7133,288.51398,287.60538,288.56946,289.86768,287.82898,286.62796,287.3902,286.74997,290.54254,291.2607,289.3654,289.29178,291.1382,288.35138,289.7509,288.13712,288.90073,288.08054,288.6172,289.62823,289.45587,289.94757,289.4152
1316,1959-09-16,286.72382,287.03238,286.59985,287.8165,289.19388,288.14633,286.53436,287.74292,285.3618,287.4084,287.0309,286.4273,286.70908,288.4893,286.59982,289.57983,287.07587,287.06204,288.26666,287.14764,286.80554,287.42014,287.43253,287.27484,286.38846,287.41415,288.59384,287.60565,287.64114,287.00412
1317,1959-10-16,284.62955,282.74008,284.20276,285.29214,282.97638,282.36353,282.43735,284.08954,282.6865,283.68304,285.42953,284.8895,284.62036,283.96884,283.5145,283.47708,282.4681,283.70627,285.03287,283.5608,284.51984,285.20795,284.98514,285.17346,284.0149,284.77295,285.6529,286.44073,283.96106,285.0956
1318,1959-11-16,281.28308,280.62054,281.63705,280.09445,281.24255,281.82156,280.56955,280.1586,281.8493,281.44193,282.37408,281.4737,282.46698,281.6977,280.3381,279.30164,279.92923,281.1355,280.53842,280.35828,279.4493,281.437,281.55627,283.31754,282.15515,281.46533,283.1947,278.63022,282.41702,281.67014
1319,1959-12-16,282.41272,279.03046,280.16925,277.67084,281.80576,279.91898,279.56036,278.52414,279.71075,280.31845,278.3615,281.12207,280.05203,278.2917,279.98856,280.2859,278.93692,279.62094,279.8833,279.78445,279.4808,279.38437,274.05746,281.07587,277.45062,278.8002,281.41278,278.46533,279.34613,281.53534
1320,1960-01-16,279.3824,278.62155,279.31744,278.6955,279.01224,278.95682,279.12347,277.71875,278.3911,277.203,279.06372,278.60782,277.8807,278.3752,278.86215,277.76453,276.94693,275.11646,279.69113,278.5816,279.70822,278.32736,277.71313,280.45667,278.31732,277.65012,278.9092,277.1514,281.6955,279.0482
1321,1960-02-15,280.62775,276.8835,277.1071,275.03925,279.78558,279.08936,278.16473,277.8288,278.26422,278.2632,280.7424,278.88394,277.5929,279.71933,277.6515,279.28015,276.34106,278.14706,279.34512,279.4277,278.7271,279.37784,278.94202,279.9707,280.15674,277.38867,280.02487,275.20865,280.83136,279.12723
1322,1960-03-16,281.13116,279.40094,280.75378,278.94675,278.88828,280.13663,280.1126,276.32623,280.77975,278.69562,280.02167,277.9826,277.568,280.96497,281.21915,280.16315,279.95926,279.3717,280.25537,280.86334,280.41998,280.25815,280.03055,282.01248,281.37616,280.21252,279.86575,279.5239,280.5144,279.2576
1323,1960-04-16,283.39835,281.44858,282.1834,281.43466,281.81265,281.69595,282.84753,280.6638,283.14468,280.30948,281.08307,281.60342,281.9598,282.11835,283.68973,282.14572,281.4531,279.59705,282.6869,282.39102,283.75653,281.69147,280.4225,281.28418,282.96518,281.00974,281.8149,282.5328,283.17813,281.3893
1324,1960-05-16,285.0888,284.0807,284.08316,285.46213,282.15344,285.0531,285.33588,285.12527,283.44028,283.44492,284.04715,283.0973,284.52518,282.38058,283.4174,283.402,284.8728,282.97974,283.661,285.20703,285.41275,282.6026,283.44852,283.73004,282.15564,283.55002,283.3606,284.46323,286.06598,284.39627
1325,1960-06-16,287.86282,284.7893,288.99594,286.84665,287.5761,286.3497,288.24475,286.8576,286.5746,285.4089,286.69604,286.9618,287.5084,287.71664,285.92343,286.442,287.95178,287.51987,285.41095,286.35645,286.2484,286.47046,286.8688,284.61224,286.6625,286.90454,286.37003,285.33008,287.9227,286.05902
1326,1960-07-16,289.2475,288.54446,289.78992,287.71533,287.92047,287.424,289.3814,288.06,287.50342,287.73752,288.5787,287.3963,288.5062,287.70792,286.5255,289.97842,289.81134,290.63882,287.48688,288.05356,288.36417,288.1876,286.3102,289.0475,286.9188,288.2044,287.96466,287.6865,287.89102,288.11624
1327,1960-08-16,288.48465,288.42773,288.49765,287.2165,288.4485,286.30588,287.85995,289.6091,286.9679,288.9039,289.58188,289.266,288.75992,289.1299,288.30646,288.63217,289.33487,288.6804,288.4702,288.8848,288.57028,289.5834,287.94498,288.96817,288.31833,289.67566,287.9099,288.5665,289.40283,289.47052
1328,1960-09-16,287.6664,286.5268,287.86996,287.30463,286.9167,286.40533,287.26334,285.5823,286.51495,286.63223,288.85855,286.373,288.12552,287.96863,286.7629,286.53067,288.57385,287.8457,287.18378,287.23996,286.86267,288.91177,286.63763,287.97858,286.16364,287.88263,286.26086,290.27866,285.5896,288.5464
1329,1960-10-16,285.12738,282.3706,286.04926,282.48132,284.84738,285.02103,285.64355,282.63733,285.2859,283.09372,284.8805,284.15594,286.05072,283.79117,282.50253,284.6892,284.9765,286.03555,283.5188,285.29517,283.32553,285.12366,285.82535,282.75565,284.95047,286.35785,284.50278,284.2258,283.50104,286.05743
1330,1960-11-16,282.38037,280.54633,281.91638,279.77274,281.65814,281.75336,282.18323,282.94476,280.51483,280.2052,281.98462,283.03,280.79245,281.45093,278.66965,281.29907,281.54968,279.40372,281.52106,280.86456,282.15228,281.92862,282.44937,281.0784,282.53735,281.95007,279.84152,282.0879,281.96152,282.01498
1331,1960-12-16,281.22266,278.62976,281.11627,279.48254,280.52924,279.7706,279.56314,280.03098,277.4546,281.42563,279.32053,280.66315,279.23386,280.54944,278.91968,279.18658,279.77844,280.45142,280.3362,280.8568,277.83826,281.1596,279.09448,280.51953,281.06805,278.51694,279.3276,281.13135,280.93622,279.96597
1332,1961-01-16,280.79504,277.92014,278.73788,277.82318,277.7524,276.7272,279.83148,279.40112,279.3141,278.30304,280.33456,277.91928,277.29153,277.67188,279.87497,276.77618,280.63074,279.31842,276.0565,279.68842,278.91653,280.64066,279.666,281.24155,278.6503,276.82135,279.1705,279.5539,277.56403,278.06442
1333,1961-02-15,276.7903,280.15488,278.66327,278.6145,279.51843,276.82367,279.9525,279.29422,279.49258,278.0277,281.182,278.79547,279.10443,277.5765,278.99643,276.92072,278.1146,279.42932,278.62372,278.13577,278.17303,279.55533,277.9068,278.2164,276.29785,275.98523,278.35406,279.27698,278.60855,280.50192
1334,1961-03-16,279.6307,280.44598,280.8265,279.15097,280.49564,278.60788,281.30054,280.8377,279.1649,276.4475,280.74915,280.1941,280.23856,277.26053,278.4603,274.1528,279.37173,278.80643,278.72177,278.45377,279.27908,281.36023,277.59244,278.66238,281.1076,278.2198,277.48706,280.47992,280.03473,278.63446
1335,1961-04-16,281.3394,281.28714,281.79373,279.85275,281.75204,281.06747,280.89914,281.0629,282.40488,281.05887,281.69894,281.823,280.5233,281.88922,281.5777,281.77283,281.67032,279.08032,282.53012,280.68402,281.5247,281.13654,282.31345,280.85022,281.61816,280.59677,280.44742,282.70526,282.163,280.1662
1336,1961-05-16,283.81662,283.40005,284.6554,284.0347,284.71777,281.39948,283.7699,283.22086,283.5396,284.6898,284.50894,284.4066,283.98386,283.20786,284.89557,283.61096,282.7702,283.54065,283.9819,282.76056,282.91718,285.7401,283.52948,284.79315,284.19577,286.04486,281.55725,284.64227,284.0232,284.10223
1337,1961-06-16,286.868,287.8294,288.0092,287.93674,287.19437,286.73743,286.60913,285.35056,286.81607,287.5289,287.50143,289.2933,284.83478,285.94382,288.19296,285.57013,287.06018,285.24872,286.33478,286.46063,286.95764,288.90515,285.92355,286.18256,285.87744,286.62344,286.3777,289.0792,285.8774,286.61362
1338,1961-07-16,287.38275,288.13763,289.1735,288.7,288.58,287.6986,288.5553,287.86194,289.5461,288.76688,288.22473,288.9386,287.13174,288.7123,288.30722,286.39487,287.2849,287.72684,287.7501,287.57364,287.98322,286.7458,286.76968,288.32556,288.0196,288.48044,288.94925,288.7249,288.31174,287.98962
1339,1961-08-16,287.6374,288.07288,289.06107,288.99536,288.95166,288.70328,288.80896,288.69833,289.1764,288.33008,288.49237,287.7213,288.71725,288.7158,288.81125,287.3869,288.12314,287.74823,288.38284,288.82733,288.305,288.06827,288.3443,287.13962,287.8368,287.96616,288.11426,288.521,289.72662,287.82852
1340,1961-09-16,285.11282,287.38892,287.11368,287.15326,288.56,286.35596,288.906,287.29367,286.50452,286.38046,286.22318,288.34967,287.61316,286.19965,287.05396,286.11646,288.6212,286.74377,286.5283,288.1573,286.96262,286.64127,287.38766,286.74466,286.81604,288.3989,285.4159,288.7935,286.92383,286.54675
1341,1961-10-16,283.14706,282.0549,283.72568,286.1302,285.6887,283.59814,285.07935,283.69144,283.05344,283.17752,284.37985,282.93338,283.5702,283.9677,285.527,284.0191,284.24542,284.52438,284.54105,283.10254,285.08673,283.86194,285.31784,284.5378,285.53384,286.02933,283.52478,284.22086,284.54956,283.7158
1342,1961-11-16,278.90033,281.0068,282.37936,283.44305,280.33267,283.13654,280.94952,279.92072,281.76138,281.46188,281.5907,282.61566,280.7747,281.70813,282.02792,282.38705,281.8826,282.51315,282.60187,280.45142,280.49997,282.4165,282.12097,281.97583,281.87323,281.6997,281.0004,283.387,280.64407,280.81287
1343,1961-12-16,280.25848,280.8027,281.4992,279.3075,278.6328,281.88272,278.34897,279.77823,280.33945,280.48907,280.79816,278.4464,280.3268,279.68967,280.16476,279.44016,277.6918,280.33157,279.0169,280.88943,282.0956,280.53967,276.63513,280.02176,279.45712,280.63184,280.8238,280.4119,280.0686,280.15054
1344,1962-01-16,280.5308,276.4319,279.7806,278.6018,280.00174,280.50592,277.09958,280.51862,277.85526,279.50876,280.10773,277.8255,279.31497,279.49896,280.05856,279.11636,278.07263,278.68536,277.9118,278.8641,278.76053,278.9581,279.52554,279.31323,279.21985,278.4716,276.7949,279.67416,278.60947,276.8907
1345,1962-02-15,279.39755,278.92203,279.86057,279.88593,280.87393,279.12836,278.7388,278.43408,274.5844,278.02682,276.9948,280.5765,279.066,278.81262,278.2465,279.75958,278.9326,280.6581,277.00266,280.4883,279.08945,277.3326,277.93753,277.96118,279.85962,278.38373,278.6928,279.68774,279.82275,278.81778
1346,1962-03-16,280.88876,277.98825,280.1442,280.34705,280.2471,281.32098,278.42538,280.2809,279.452,279.04108,277.6569,281.67252,277.68668,280.4787,279.33047,278.18234,281.42056,278.88782,279.30368,279.54193,280.23746,279.22113,277.97153,274.9456,279.38174,277.81378,279.73404,280.9889,280.64005,278.42572
1347,1962-04-16,281.058,282.38373,282.6713,281.95557,283.20068,281.7017,278.63504,282.71906,281.3546,279.524,281.81204,283.27676,278.56558,283.6414,280.92233,280.92383,282.21902,280.8732,280.53995,280.97775,284.21573,280.99878,278.1896,280.33084,283.1877,281.0594,281.35278,282.47983,282.4164,279.78738
1348,1962-05-16,283.98584,283.79617,283.71442,284.08423,283.3813,284.07742,283.2847,286.25546,282.0555,285.0344,281.39963,286.2373,284.6988,283.1212,284.65,283.98508,284.57797,283.8105,283.9025,282.9778,284.2241,284.0431,282.81833,285.25052,284.169,284.3958,284.03348,285.29984,285.00546,282.2872
1349,1962-06-16,287.62897,286.5958,288.12186,286.4534,286.6183,287.80692,285.84952,286.9693,287.08957,286.98114,285.71442,286.55127,287.52054,286.8858,288.91733,287.5939,287.38565,286.75174,287.6317,286.26962,287.3858,286.19427,286.29993,287.2355,287.5506,284.88702,287.33536,286.1824,287.50107,284.6064
1350,1962-07-16,287.08762,288.30313,286.92526,287.9131,286.76755,287.67664,288.88065,289.50677,288.3985,288.5006,289.10434,289.27484,286.64297,287.1247,288.4427,290.2177,288.27954,287.69928,287.80853,290.13544,289.09787,289.6513,289.15448,287.655,288.30368,287.7437,289.5259,288.6882,288.48514,287.24728
1351,1962-08-16,288.8957,288.09488,287.29922,287.91452,288.2647,287.67673,289.42645,288.75183,287.48254,287.62637,289.0223,288.98804,286.8036,288.41296,288.00046,288.93094,288.38913,288.81888,288.52682,288.81012,289.0388,289.9983,287.53867,286.89142,288.57642,287.27396,289.9928,288.62952,287.90424,288.32224
1352,1962-09-16,287.21564,288.14227,287.24863,287.4622,287.2583,286.04922,286.56033,287.82617,286.2478,287.4371,288.9372,288.47363,285.6176,286.96692,286.28674,286.7778,287.0126,285.7881,287.7023,287.5774,288.51132,287.1015,286.4496,287.13803,285.93143,285.67346,288.90717,288.95944,287.29648,286.85385
1353,1962-10-16,283.03802,284.48706,283.6983,283.58932,284.93347,284.08478,285.06195,283.74072,283.805,284.03665,286.05566,284.52567,284.2298,284.5658,284.76205,285.51093,285.0557,284.0068,284.74557,285.0368,285.2807,283.6128,286.65372,283.94867,283.68262,284.88022,284.6524,285.28372,284.81815,284.61563
1354,1962-11-16,279.3627,283.47485,282.6384,282.1335,283.8115,281.78848,283.14334,282.57712,282.41852,279.9179,282.97815,282.40698,281.2881,281.154,280.38675,280.72165,284.17908,280.3449,280.1776,283.05048,281.5462,281.12683,283.25314,281.7237,280.80603,282.93243,282.55103,282.85934,283.53177,281.58292
1355,1962-12-16,280.6247,281.10162,279.7894,276.51456,280.44327,279.5475,282.32007,279.49167,278.4373,279.68375,280.1665,280.18286,278.81833,279.47015,280.26685,280.36606,279.62128,278.66095,280.81348,281.15408,282.0531,279.73465,279.59048,278.97626,279.80276,280.55072,282.32074,281.5733,279.54843,280.35986
1356,1963-01-16,279.94968,280.2268,279.97534,276.42795,279.3241,277.58145,279.06494,275.4031,279.17856,279.36588,278.51752,277.19925,278.1789,277.08984,278.204,279.41843,280.25418,279.16818,278.37543,278.26883,281.66452,281.30682,279.8278,280.49872,279.27783,279.7077,280.3078,275.80185,278.62088,279.15524
1357,1963-02-15,278.17035,279.05646,278.64365,276.96738,278.50433,280.0747,278.96082,280.73218,277.26968,280.2428,278.18414,277.7413,278.29236,280.79034,278.99982,275.33746,279.4357,276.38568,280.46082,279.07135,277.39523,278.74576,278.93405,278.56946,278.15012,278.72565,281.18405,277.23337,276.99265,279.3841
1358,1963-03-16,281.61078,279.78012,277.51758,277.66992,280.77628,280.06454,277.4034,281.68887,279.15924,280.18658,281.3145,279.4055,279.95578,281.1829,276.19983,278.07132,279.32477,279.09558,279.76453,281.42676,279.3605,278.2325,278.989,278.32578,276.72296,281.5608,282.09433,279.8767,279.32578,281.1398
1359,1963-04-16,282.55652,281.62622,280.1184,279.68787,282.0607,281.28058,280.05957,281.7295,281.85028,282.0503,283.9133,282.08783,281.57404,282.4982,281.95618,280.04965,282.16708,281.20303,280.03925,282.48157,279.99323,280.8321,282.95712,281.31958,281.3866,282.14795,281.86853,281.17175,283.1101,282.76685
1360,1963-05-16,285.07245,284.032,284.99387,283.03165,283.2795,282.97168,282.8206,285.2326,284.07153,285.2251,286.5104,283.98038,284.69543,283.41214,284.2716,285.22552,284.0477,283.7603,282.83896,285.85425,284.6559,284.36627,283.32477,283.14786,284.7262,283.57004,283.12567,284.76266,284.02094,284.98636
1361,1963-06-16,287.79086,286.53986,286.17044,287.9039,286.23105,285.99115,289.3901,287.77878,285.55908,286.56836,288.79858,288.09656,285.4663,286.5351,287.27252,286.90262,288.27347,286.9498,286.32648,287.5844,285.80032,289.1964,285.52914,286.6445,284.80124,286.58734,286.75073,285.68375,286.25635,287.48737
1362,1963-07-16,289.75705,288.81985,289.15906,287.86703,288.08984,287.57275,287.6639,288.3236,286.4761,289.3401,289.56747,288.88925,287.66986,288.13287,287.83295,290.63,290.2644,289.16306,288.40018,288.24173,285.8066,287.33344,289.74295,288.75604,288.2041,288.70218,289.13025,287.0318,289.7912,289.94653
1363,1963-08-16,289.2236,288.61163,288.82516,286.9016,288.7044,289.28882,286.91742,288.03253,286.14584,289.2523,289.0704,288.6124,289.1502,287.73798,289.27905,288.05154,288.95374,286.4664,288.95795,288.00418,287.4199,288.25748,287.96802,288.43594,288.70706,288.1647,289.9566,288.14102,290.07803,288.78738
1364,1963-09-16,287.57816,287.3281,287.70456,286.35977,287.81183,286.5132,285.0469,287.05197,286.69217,287.32986,288.25168,286.5678,286.9623,286.58902,287.74164,287.31293,287.77612,287.15573,286.49863,287.7298,286.27942,287.26724,286.25632,288.23547,285.80154,286.40927,287.39285,286.3185,286.02286,287.1244
1365,1963-10-16,283.6417,284.0203,282.03253,282.72565,284.1641,283.17664,282.15414,285.36707,284.53964,282.72153,285.1592,283.00885,284.65472,283.3583,284.7726,283.3735,285.08218,286.4116,284.11627,285.14676,285.3572,284.89993,284.16733,284.1205,282.97357,284.04865,284.2808,284.12625,285.49063,284.38757
1366,1963-11-16,282.04843,279.66605,280.77084,280.26453,282.04544,281.58563,279.89078,281.02386,282.4012,280.66208,282.35056,279.2559,282.3598,279.80722,282.11783,279.704,281.5921,281.97852,283.3621,282.23264,281.84445,282.97946,281.3696,283.5364,282.61633,282.16534,280.63345,283.1697,280.3174,282.4783
1367,1963-12-16,281.03888,277.42355,278.87836,280.14447,281.16318,279.2859,277.3916,280.8719,281.16483,280.45917,281.10672,278.1933,280.1003,279.80145,281.82315,280.0515,280.9425,280.31775,280.02966,280.39832,279.82547,279.1125,277.0909,280.09723,280.7955,281.13187,278.06635,280.8515,278.79785,277.93823
1368,1964-01-16,279.0156,278.78662,280.9953,278.96228,278.84314,280.21405,279.63165,278.18195,279.84796,275.2564,278.76062,279.404,280.35938,279.4011,277.36902,280.1484,279.91672,280.4892,279.3453,279.46292,280.0203,280.19003,275.52716,276.69138,278.4405,278.5112,279.56735,275.98273,278.35608,277.1024
1369,1964-02-15,276.87866,279.0073,280.82465,279.23825,279.18735,280.10056,280.14337,280.28284,279.4937,277.723,280.03226,278.05917,281.0132,278.0896,280.09076,279.12897,280.12094,279.65274,278.40823,278.29596,279.19696,280.12106,279.3551,277.2987,277.98453,277.99902,277.56528,278.81604,280.91766,278.35483
1370,1964-03-16,278.78577,279.0737,280.2755,277.14792,278.58386,279.97086,281.07227,281.3866,279.54257,277.83554,280.60617,278.30756,281.40814,278.84036,280.4876,281.28473,280.76382,281.4107,281.50983,281.2745,280.5822,280.62628,278.53833,279.29398,278.4342,275.57538,280.29562,279.5302,281.34854,280.8266
1371,1964-04-16,281.28772,282.2071,280.94318,281.73096,281.28723,280.3879,280.9121,281.00677,281.37433,281.31577,281.33502,281.40323,281.42484,280.38046,281.04752,281.96005,281.7067,281.5813,282.5503,281.9396,282.16638,279.63882,280.75754,284.16223,278.97684,280.12888,283.14548,280.75436,282.85422,282.497
1372,1964-05-16,284.5689,284.13153,283.83023,283.50375,286.6111,284.26477,284.83987,284.71872,285.25528,284.81628,284.1777,284.62,284.52563,284.0303,283.63193,283.12573,285.68936,283.29822,283.23837,284.5981,283.255,282.99902,283.7008,284.1002,283.11868,282.68222,283.58264,282.28412,285.04285,282.8975
1373,1964-06-16,288.75925,286.88455,287.05328,287.1998,288.6846,287.33728,286.99106,287.3349,287.422,287.4458,287.2651,289.5764,286.46167,287.1364,290.73853,285.27615,288.13348,286.64755,286.56546,286.92783,286.56598,288.22852,287.87793,287.12646,287.18826,284.2921,287.4186,287.14542,286.19064,285.34305
1374,1964-07-16,288.46838,288.22015,289.80832,288.7794,290.07294,288.93045,288.75027,287.16907,287.98877,290.15152,288.34302,288.04114,287.67322,287.93127,287.48734,286.91016,289.13452,290.27765,288.7209,287.75015,288.62753,289.3372,287.9454,288.03696,287.4018,288.50485,290.8432,290.7632,287.38678,287.1732
1375,1964-08-16,287.8553,288.193,289.51245,287.52185,288.27792,291.1527,289.58664,287.75928,289.12985,289.04337,288.19897,289.08337,289.16116,289.07532,287.9214,288.094,290.23846,290.5755,288.95142,288.651,288.93893,288.4887,288.1133,290.8103,289.37637,287.4773,291.34213,288.05792,288.28278,288.15143
1376,1964-09-16,288.4077,288.00983,288.86304,286.3646,285.99887,289.10065,286.7282,287.46112,287.91858,286.8801,287.847,286.34518,285.9567,287.03696,286.20532,286.85034,288.66898,288.74277,286.83124,286.36774,287.69443,286.7104,287.5894,286.59448,286.12457,287.64832,285.3145,287.57797,287.4208,286.85498
1377,1964-10-16,284.04413,285.6296,285.0615,284.54684,281.97736,284.81546,282.7316,283.78192,284.09842,284.29303,283.4701,284.50238,284.20547,285.34088,283.63907,285.2698,284.87302,287.44354,284.57062,284.293,283.65298,284.9219,285.26324,282.45795,284.53552,285.03363,285.44818,285.16544,284.26263,284.25858
1378,1964-11-16,282.62708,281.9704,281.61774,281.94507,281.5122,281.42355,280.30548,280.58017,281.55084,282.13184,279.94644,280.8226,281.14175,282.13263,279.29385,281.293,283.1214,282.53015,282.77576,281.29776,281.0874,280.6995,283.2297,280.41745,281.365,281.8796,281.619,281.5934,281.16675,282.71207
1379,1964-12-16,282.0251,279.79764,280.05905,277.7565,278.98785,280.0201,280.9831,278.4414,280.34857,281.09717,277.95563,280.24622,279.4352,280.022,278.3503,277.40057,279.25046,278.3451,280.34833,278.99722,279.36472,281.4352,280.36432,278.8959,279.68512,280.90845,280.96393,280.64185,279.04117,280.17926
1380,1965-01-16,279.37534,278.95428,279.32748,277.98727,275.71735,278.23636,278.9818,278.00037,278.22797,279.37866,278.14142,279.84274,278.55844,279.6237,279.65167,279.80908,279.07132,279.8667,278.53384,278.066,278.03836,277.8464,278.21564,279.96405,280.93262,279.18768,276.33368,280.14465,276.912,277.97794
1381,1965-02-15,278.099,279.92365,279.0709,277.39026,277.9436,278.592,279.9565,277.6709,276.60107,278.93176,279.23517,277.21802,279.8382,276.24246,279.77768,279.39755,279.9273,278.52518,279.03073,279.09158,276.52957,278.88568,279.14923,278.30994,280.64243,277.60278,272.81903,278.3886,277.66098,278.10086
1382,1965-03-16,275.39398,279.12213,280.76532,281.16138,277.43896,278.428,278.8284,279.45068,276.9361,282.37183,281.14145,276.50284,279.40778,280.4509,280.75372,280.38162,280.5438,277.0345,278.29297,278.1894,279.4328,279.5826,278.95618,277.8434,280.70544,278.9812,280.27917,280.49915,279.79584,279.5822
1383,1965-04-16,282.7184,283.73212,283.0139,282.38965,279.09326,280.5167,282.1238,282.70523,279.49387,282.34723,281.0957,279.98602,280.18198,281.32434,281.96786,283.3974,283.24487,280.60242,281.21173,281.06415,279.9581,282.1749,280.61118,281.38846,281.7534,282.05225,282.0318,282.16135,282.10013,279.0733
1384,1965-05-16,283.86926,284.65683,285.1209,284.29706,284.2706,283.41556,284.25647,283.94464,281.8298,283.33957,283.55435,283.40448,283.3523,282.48505,283.53198,283.73853,283.6296,283.0751,283.43552,282.6826,282.742,283.27917,283.51462,283.0114,284.18262,282.50076,283.85916,283.63974,283.03012,283.72336
1385,1965-06-16,286.47635,288.05505,288.55878,286.244,285.48282,286.38495,286.27686,286.65326,285.10843,288.4058,286.2217,285.75897,285.13364,288.25357,285.8522,286.34103,286.17276,284.43365,286.15198,287.60138,285.95273,286.10382,287.1341,287.01694,285.40942,285.57944,285.22513,286.8938,287.97928,287.37585
1386,1965-07-16,289.1098,289.28372,287.7245,287.06735,288.66156,287.5379,287.59747,288.34912,287.65744,290.5968,289.19272,286.3618,287.81122,287.81876,287.63678,286.8435,287.81094,288.83722,286.55762,287.2432,288.82187,287.80728,287.79373,288.1327,288.87265,286.42697,288.42603,287.70502,287.75247,289.16907
1387,1965-08-16,289.18716,290.08524,289.2125,288.28036,288.3916,288.69693,287.5173,287.4447,288.59042,288.51895,289.61267,287.39728,288.38596,287.5115,289.18948,288.14398,288.8915,287.94913,287.46747,287.8066,287.17032,287.17224,287.54904,288.2386,288.00882,288.61765,287.30756,289.12015,287.96146,288.53506
1388,1965-09-16,288.30707,289.24237,287.2914,286.6835,285.8348,288.54626,286.75885,285.1278,287.27798,287.44067,287.46487,287.97296,286.6361,287.70465,287.54764,287.22028,286.76227,286.18497,287.21802,284.96353,287.5944,287.2554,286.98334,286.71658,287.54257,288.11295,288.17783,286.6725,287.70883,286.002
1389,1965-10-16,284.2655,284.3063,285.6403,284.5143,284.9119,283.6288,284.01428,283.19135,283.6817,285.5592,284.64786,284.21286,285.84702,284.78708,284.60394,284.99362,284.41815,284.05847,282.1884,283.307,283.30966,283.14783,283.40198,285.53043,283.42404,285.0498,285.63565,284.13812,286.94742,284.41513
1390,1965-11-16,282.44635,281.96912,281.0568,278.3592,280.57474,282.58456,282.26462,283.7008,282.04633,281.10864,281.64786,281.48578,283.07272,281.675,281.20474,280.69897,282.37326,282.23404,276.47647,283.20465,281.9384,282.34442,279.35294,281.8741,282.42303,281.53217,282.1829,282.47342,280.81787,283.19427
1391,1965-12-16,280.09125,280.51382,279.8783,279.85077,281.98804,280.47067,279.63025,280.05023,280.21936,280.18655,282.2973,279.82825,280.20667,280.67035,277.616,280.16565,280.91983,279.37283,279.12207,279.57025,281.6074,280.7444,277.56396,280.02075,282.49704,280.1595,280.73572,281.02866,279.40762,280.80783
1392,1966-01-16,279.6419,279.93054,278.9913,279.8523,278.53162,278.53183,278.51614,281.84552,280.63867,278.48,280.62674,279.09824,278.6568,280.2349,279.14355,278.09686,277.54938,277.72107,276.56952,278.3445,280.0261,278.91727,278.276,276.0563,279.27887,278.6738,282.28827,278.34946,278.74393,278.49158
1393,1966-02-15,278.85486,281.3419,280.4188,277.86145,279.9078,277.00583,279.73248,278.64508,277.6083,277.3755,280.53842,279.2363,279.00146,279.97525,277.9621,278.68582,278.19266,279.39133,276.5034,277.87598,279.65677,278.60226,278.61362,273.60272,278.60623,280.54562,280.64334,278.67218,279.30807,279.9048
1394,1966-03-16,280.48328,280.22324,281.55014,276.22903,278.76102,279.07327,279.92706,278.881,277.84854,280.49347,278.8822,280.18872,278.85538,281.27045,277.26715,277.11612,280.3036,279.59384,279.7558,279.70905,281.71555,279.96207,278.83755,278.3866,278.46887,281.26373,280.7584,280.28015,280.50092,279.67587
1395,1966-04-16,282.68713,280.87335,280.07935,278.91217,280.9161,281.69672,283.14816,279.3347,281.86526,280.9973,279.89087,282.8182,279.51416,281.73706,282.12006,279.4827,281.39023,281.2785,280.33804,282.3941,281.90594,281.63998,282.4374,283.17416,279.24545,279.5601,282.65564,281.1796,280.78842,281.7976
1396,1966-05-16,285.75912,284.33322,284.43628,282.68,287.04852,283.1636,285.1466,281.878,282.98984,283.9899,283.71613,282.9301,282.07468,284.0374,284.81592,283.01086,286.06665,284.16083,285.4447,284.33554,283.22818,284.84924,283.64655,283.43637,283.76556,284.0159,284.56573,284.363,283.853,283.62115
1397,1966-06-16,287.63,285.34512,286.32468,286.14722,286.3063,288.07126,287.5295,286.39835,285.27383,285.66174,288.8194,285.8066,286.41382,285.85666,286.39752,289.40173,286.84106,286.12204,286.7228,287.86316,287.42175,285.5112,284.2628,286.91107,286.06155,286.53003,287.9879,290.02484,285.03363,285.95758
1398,1966-07-16,289.4895,288.45642,287.64218,285.6422,289.4241,287.98642,289.9207,288.1866,289.0348,289.54956,287.92593,289.33902,287.71817,288.01556,289.1969,289.86322,288.47763,287.51553,286.0418,287.55975,287.37106,287.64767,288.3159,287.93796,289.16864,287.76715,289.07428,288.31253,287.45557,287.1384
1399,1966-08-16,289.26385,288.8152,288.04095,287.20273,288.67685,289.80997,289.6723,288.67682,287.8892,289.12396,288.5012,289.3256,287.39154,288.6308,288.75363,288.65894,289.27594,286.71182,288.88385,289.01514,288.79114,289.08017,288.18344,289.03076,288.93546,287.60086,287.47824,289.66837,286.8896,287.25714
1400,1966-09-16,287.2025,287.74197,288.59418,286.48947,286.7208,287.60892,287.95462,287.95184,286.35196,288.11594,287.76535,287.17477,286.36322,286.28967,287.68118,286.77448,287.77173,286.25223,287.1047,287.22015,287.3231,286.91827,285.64264,287.41528,287.19412,287.29645,286.59558,288.31036,287.38327,286.48517
1401,1966-10-16,284.98853,285.58105,283.22375,284.79324,284.73618,285.37454,284.6068,286.07257,285.88464,285.95776,285.65482,284.2921,284.70053,283.38818,283.4212,284.51318,283.15012,284.65094,284.85785,283.59103,284.24564,283.4221,283.01843,284.27374,285.57312,285.93057,284.1441,284.10382,283.86945,285.74326
1402,1966-11-16,281.70926,282.1902,282.43124,280.23627,281.6868,281.8994,281.0781,283.1754,282.4496,282.58456,282.6462,281.61877,280.01974,281.58224,281.72263,280.92224,280.9339,282.01468,283.0045,281.7444,282.93195,282.04526,281.20905,280.81296,281.45758,282.30295,279.94876,282.58875,280.02768,283.06418
1403,1966-12-16,278.33646,280.1054,281.198,280.91846,279.88684,279.76202,279.50916,280.0095,280.4296,280.44803,280.34048,278.92438,279.37762,279.86847,279.64233,280.72626,279.62924,281.68,278.05518,280.72467,281.19095,278.38086,278.01367,277.62024,277.4153,282.6288,279.4419,280.34158,279.70435,278.92844
1404,1967-01-16,277.48618,277.43164,277.49023,278.0758,278.44016,277.86246,279.30325,279.34,280.00726,280.07318,279.25388,280.4112,278.91486,280.47812,279.74564,280.61694,280.3785,279.6982,279.91068,278.11227,279.2499,277.61548,276.9648,279.11176,279.67145,279.26117,280.04962,279.12817,278.07422,278.47028
1405,1967-02-15,277.35324,275.64203,280.09476,277.00528,278.67255,277.92413,279.04285,278.34033,278.0965,279.5467,280.5455,280.58987,281.2641,277.87286,278.26883,277.02692,278.95074,278.3659,278.49042,278.81122,279.35693,277.8355,276.00153,278.74182,279.77563,278.8206,279.62488,277.95963,276.39523,279.03165
1406,1967-03-16,279.5542,280.17578,279.4179,277.33795,277.8368,280.4497,280.45578,281.1589,281.1346,280.862,278.15686,280.95203,282.03674,276.3385,281.04575,278.98557,278.50772,280.21594,278.45956,279.13342,280.83112,279.32156,278.65656,279.77176,280.3172,279.562,279.21072,278.78214,278.96994,276.10516
1407,1967-04-16,280.78586,282.4771,280.7425,283.18515,279.5383,283.21658,282.80237,282.17953,282.441,280.89453,281.2109,282.06775,282.3392,278.5432,281.53467,280.93353,280.47583,281.3215,282.0184,279.13376,278.57526,281.29443,283.73898,283.32138,282.58694,280.6455,282.15915,280.37378,280.71198,280.31393
1408,1967-05-16,285.3469,285.46286,284.64966,283.78043,282.1814,283.91415,284.2838,284.49396,284.0548,283.94757,283.00787,284.47815,284.50742,282.60052,282.3217,283.83835,284.40332,284.3412,284.8695,282.78412,280.54675,284.72363,284.87457,285.21655,286.33594,282.89252,283.84985,282.8579,283.3035,279.2931
1409,1967-06-16,288.17545,286.29602,288.7739,285.13406,285.82773,284.9102,286.12628,288.09286,285.59375,287.52557,286.47983,285.60233,287.13373,285.14322,286.49017,286.81265,286.67896,286.14725,287.60904,286.12646,286.11398,286.16232,289.3956,288.93274,285.07535,287.8036,286.68643,287.75888,286.9833,284.9893
1410,1967-07-16,289.02206,287.5879,291.81085,285.8097,286.5506,288.57028,289.07797,290.0797,286.96313,289.65186,287.80103,287.6941,288.0525,286.47775,288.32916,288.08148,289.5563,288.92984,286.56012,288.98752,286.62482,288.0553,290.13168,289.5261,288.20187,289.22327,287.1539,289.2601,289.36133,286.84042
1411,1967-08-16,289.4885,287.93915,289.19452,287.19528,288.66855,288.6359,288.36304,288.33298,288.8932,288.00565,289.2916,288.9681,288.26685,288.2669,289.46176,288.15842,288.63098,289.31982,287.5549,287.37808,288.34573,291.11487,290.11154,288.7541,289.0572,288.99506,288.9416,290.33002,288.41397,285.97525
1412,1967-09-16,287.35983,285.6788,287.03412,286.39322,287.10675,286.73077,288.56226,286.25522,286.91998,288.49646,285.64447,286.5793,289.28552,285.3439,286.45752,285.8656,288.3072,287.12997,286.63925,286.29248,287.77097,287.71005,287.48462,287.32327,288.57217,288.41846,287.94843,288.26407,287.55762,285.95175
1413,1967-10-16,285.63065,283.82785,285.50873,283.97375,284.50946,283.8239,283.45914,283.8269,285.29556,283.27145,284.6298,283.816,284.3996,281.88333,285.12827,282.60846,285.53116,283.45578,285.06152,283.5034,284.67923,284.40527,285.94,286.2712,284.208,285.91077,284.7441,285.0748,283.87024,284.70657
1414,1967-11-16,282.1561,281.94775,283.11142,283.00516,281.83194,281.8505,279.88895,280.48093,280.94736,281.24207,280.35687,281.55954,281.8626,281.54715,284.1389,283.47064,282.1252,279.73752,281.00137,279.1755,282.21207,281.35602,282.21103,282.6112,280.8255,281.99402,281.4453,284.09656,279.39508,281.61002
1415,1967-12-16,281.62637,279.61908,280.25885,281.38507,280.52795,280.1514,276.88672,279.62036,277.8773,279.37427,279.14328,281.6195,279.59753,280.14075,281.6515,280.11923,281.45737,279.7897,279.09204,277.28503,280.28214,281.1208,280.93246,278.75897,278.76212,280.1799,278.95367,279.6926,279.3507,276.5234
1416,1968-01-16,279.6762,278.57877,280.2997,279.913,279.43088,279.5319,276.3211,280.80325,276.7595,278.68048,280.475,279.52646,280.1365,279.24234,276.68362,277.9893,279.37683,277.81052,277.99606,275.44803,280.09174,279.74173,280.52322,280.1918,276.18793,274.9377,281.4793,279.3504,277.89145,277.034
1417,1968-02-15,279.77863,279.91794,279.46832,279.5697,279.6729,275.8258,278.7718,278.62537,278.76395,278.0106,279.9227,279.5934,279.683,276.4914,278.73264,276.5647,278.60867,280.18304,277.39062,279.4031,279.24158,277.58813,282.144,280.0261,279.64362,276.40515,281.1294,279.27258,277.4401,274.75403
1418,1968-03-16,280.60767,280.44217,281.03937,278.72778,280.60226,279.5357,280.1506,281.60318,278.38153,280.63742,281.4759,280.40353,278.78574,277.88416,279.12448,275.76193,279.4825,279.56238,280.22427,277.66687,279.87326,279.94247,282.09372,280.15213,280.0353,278.937,280.5095,278.23306,279.12384,279.69058
1419,1968-04-16,280.26727,279.99414,281.98254,279.386,281.75888,280.45547,281.2346,279.93243,282.53165,282.3259,282.8235,282.208,282.77832,281.61493,280.85446,280.87106,281.54977,281.89325,280.07782,279.72833,283.50427,279.7617,281.62665,282.10727,282.8554,282.1359,283.73828,280.9645,280.75693,281.95236
1420,1968-05-16,284.98373,281.65027,283.8036,281.70694,284.3626,282.83517,283.3718,282.8243,283.56104,282.04752,285.82224,284.97025,281.8804,282.55576,283.86978,281.97137,284.777,284.37982,283.72232,284.0673,284.49304,282.9991,285.44678,283.3577,283.67032,285.50467,284.91006,282.55585,284.97287,283.39185
1421,1968-06-16,286.07977,286.58597,286.4769,285.09152,286.6666,285.6267,286.4976,287.19818,287.11298,286.36014,285.46448,288.3491,286.82767,287.02612,287.93066,285.2513,285.95868,286.60443,286.3138,287.62756,286.90976,286.61203,288.52646,285.95648,287.38126,289.5483,288.34814,286.60645,286.94742,289.09528
1422,1968-07-16,288.55276,286.5377,288.78925,288.40985,288.72174,288.889,288.03882,289.28595,287.26385,290.25906,287.1672,288.74722,287.13263,289.22986,288.35617,288.86435,287.56732,287.00485,288.12878,288.27386,286.78177,288.81763,288.45218,287.51797,290.12738,287.4683,288.7207,287.8288,287.25607,289.18448
1423,1968-08-16,288.81256,288.85522,288.43564,287.80847,290.0158,289.63678,288.9425,287.9783,287.7782,290.3515,289.00595,288.2319,287.4671,287.39862,288.29642,287.29315,287.4637,287.75903,289.01105,288.52945,288.59094,288.0064,288.69553,287.3028,289.72543,289.02512,288.24414,287.53793,287.6106,289.20346
1424,1968-09-16,287.124,288.07718,288.94632,284.66104,289.00763,286.9541,287.58752,287.2481,285.41934,287.6911,287.55496,286.6567,285.4941,286.13098,287.8384,286.7058,287.3153,286.3011,287.10944,287.18878,288.089,286.61978,288.96188,287.1936,288.3185,287.95108,286.2287,285.979,287.15903,288.3312
1425,1968-10-16,284.98456,284.5861,284.53033,283.31705,284.49783,284.17624,285.75217,284.01614,283.9418,285.07343,285.0638,284.27014,282.9032,282.5778,283.94965,284.78616,284.76425,286.084,284.64792,285.26172,285.01398,285.41104,285.34164,283.4091,285.42535,285.84286,284.9344,283.82245,284.99292,283.19208
1426,1968-11-16,284.10034,280.28317,282.86148,280.90637,281.3662,280.8619,280.32852,280.87592,280.83896,282.39795,280.2561,282.63504,280.07065,281.51804,281.69305,281.86853,281.32703,283.62262,280.3441,283.4765,278.73495,283.51712,281.3431,281.35892,283.54178,282.8339,282.5428,282.7395,284.56686,280.9667
1427,1968-12-16,278.9226,281.48364,277.71555,278.49603,281.39313,281.47888,280.4855,277.72845,280.63098,277.00153,277.6474,275.10394,280.41846,278.81448,277.35806,280.61856,281.28882,280.12375,281.6777,275.62292,277.1586,281.3881,277.04495,280.42145,279.45065,279.20587,279.17725,279.4703,282.77136,281.44022
1428,1969-01-16,279.0576,278.5144,278.65515,278.5316,278.4466,281.32477,278.1637,280.63663,277.60703,279.9398,279.42032,278.3156,279.07715,273.12018,275.97784,275.41647,281.42493,279.6113,276.85974,278.43906,274.74026,279.71667,277.54825,277.99106,278.80374,278.45978,278.505,278.35516,279.70963,278.2707
1429,1969-02-15,277.88144,278.3305,280.5205,277.72604,278.9403,280.23734,276.5595,280.70203,279.84897,279.13474,279.8599,277.7027,278.0869,276.29395,278.7664,271.60034,280.60052,275.56378,278.9746,278.36313,276.79163,277.9912,278.28784,278.49954,277.3739,276.99207,278.7488,281.6492,280.20886,280.22308
1430,1969-03-16,277.57428,279.21564,281.84677,277.3394,281.00082,281.01328,280.70322,282.2924,281.16467,280.4192,280.9394,279.119,280.1224,281.1897,278.23788,276.1722,280.04245,279.1972,275.72827,277.78836,278.383,282.1061,278.37988,279.14697,279.00085,276.18903,278.99667,281.43246,281.93167,279.62585
1431,1969-04-16,281.34238,281.24762,283.39664,281.09406,281.3509,283.26974,280.94952,282.1818,279.71375,280.52133,281.09808,281.16278,280.1172,281.50787,279.47534,275.52313,281.4916,280.36438,279.38327,281.02594,279.1712,281.6654,280.98743,278.74664,279.27158,277.5279,281.8155,281.6116,284.02975,281.63562
1432,1969-05-16,284.4094,283.78452,284.10846,282.88974,285.18625,285.9751,283.43884,285.9237,285.0335,282.18198,284.18524,283.63596,283.2535,284.22537,284.6908,283.12982,284.86496,283.56015,283.10843,283.2806,282.92023,283.3621,284.57742,283.3847,283.15195,281.2307,284.0276,285.31104,284.9256,284.4541
1433,1969-06-16,285.45392,287.31036,285.88525,286.0605,287.46542,286.92834,284.90323,286.00983,286.73337,284.9416,284.68497,288.3193,287.51773,285.99588,289.46948,288.78287,287.36728,286.3001,285.6795,287.04825,286.87994,288.26486,286.3422,285.48257,285.96448,285.34103,286.435,288.56833,286.56073,286.76822
1434,1969-07-16,287.83365,289.42462,288.1808,289.3161,288.15945,289.50745,288.54068,289.16617,290.19522,287.4427,288.43475,288.5072,287.68033,288.19785,288.8668,289.6183,289.23907,286.4933,287.38895,288.02908,287.95557,289.23575,288.1267,289.5677,287.78854,288.78336,287.8468,288.4506,288.07257,287.50787
1435,1969-08-16,288.91046,289.11005,287.30194,287.89868,288.22604,290.0472,288.63638,289.43646,287.969,288.53906,287.91168,289.3236,288.9082,288.71283,287.71182,288.41922,288.28476,287.07162,287.73654,289.06268,288.00793,290.53595,288.39905,290.1642,288.80038,288.50024,289.5337,287.8823,288.31436,289.21213
1436,1969-09-16,287.8232,288.73584,287.18497,286.99408,288.00015,286.3358,287.4235,288.8733,287.27313,287.23425,285.806,288.08698,287.41458,287.42624,286.6177,287.57532,287.18942,286.52692,286.00415,287.72336,286.48846,288.06085,286.78665,288.52487,288.0286,286.45383,288.03845,288.08438,286.31784,285.96167
1437,1969-10-16,283.3922,286.38504,285.32214,284.01663,285.0505,284.97467,283.57227,285.16553,283.39627,284.68134,282.98312,285.21582,283.34427,284.14246,283.69968,283.97913,284.51978,284.48276,282.59747,284.66818,284.46097,284.21606,286.14487,285.68835,282.79922,282.45953,284.1032,284.77707,284.8844,283.42618
1438,1969-11-16,280.48746,283.54468,282.7215,279.44858,279.54587,281.8753,278.8376,282.05563,281.98767,279.44992,282.00336,283.38953,279.00864,281.09302,281.7269,282.2973,282.65222,281.2065,280.39307,280.0108,281.59286,280.4688,282.0452,281.64426,281.21844,281.51666,281.47253,283.14542,281.3278,283.7068
1439,1969-12-16,278.63336,276.72528,280.02728,278.67557,279.3698,278.07935,277.56088,279.64853,279.72058,280.96304,279.29553,280.16092,276.066,280.70312,279.187,278.85995,279.62427,277.17935,280.6365,279.30923,279.1805,277.37372,281.29422,281.99966,281.029,280.69638,280.08554,280.0452,280.17728,281.2037
1440,1970-01-16,278.1176,280.91907,275.9421,279.10876,279.9887,279.20123,276.71475,278.43607,278.49966,276.18286,280.3185,276.98138,274.76813,277.9225,276.70688,277.35364,280.8991,277.63626,277.8807,279.6109,276.5235,273.71814,279.11853,276.75586,278.8918,278.65192,277.68643,276.9041,278.00406,276.86102
1441,1970-02-15,278.35327,281.39417,279.94992,279.0464,279.37787,278.63416,275.3369,279.0731,277.29712,276.17905,281.02072,279.22385,277.79108,277.5475,279.31122,278.19366,277.7915,278.46088,279.40613,280.1197,275.17325,278.64914,280.0223,277.49796,277.88016,279.17294,279.41653,281.58527,274.23553,276.57822
1442,1970-03-16,279.0728,278.49728,279.14813,278.71722,280.7295,279.4792,280.3396,281.13528,279.35364,279.37582,280.7146,280.91226,277.98248,279.8139,280.32407,279.51117,280.78598,278.4193,279.94238,277.89844,274.9963,280.16565,277.29773,279.2268,281.5288,280.257,279.64996,280.38977,279.88474,280.65967
1443,1970-04-16,280.1505,280.5541,278.53683,280.6585,282.13196,279.45224,279.81598,283.63016,280.90424,281.84055,282.87546,282.01926,282.20758,281.13092,282.93622,281.66418,283.20688,279.41916,282.213,281.25143,278.4488,283.06628,280.04166,282.72714,282.15536,281.85226,282.72107,282.07697,281.4657,279.66364
1444,1970-05-16,284.81415,282.73138,281.53506,284.00342,284.77112,284.08215,283.84927,284.67856,283.84244,282.6643,283.73688,284.71658,281.82422,284.6827,285.1234,284.70605,284.33652,280.7049,285.62164,285.31183,281.9282,283.384,282.66534,283.07086,285.2289,282.80756,284.61603,285.04922,281.86737,285.92642
1445,1970-06-16,288.1396,286.18106,285.49963,287.37576,285.71484,286.48123,286.50967,287.55093,286.19565,286.67523,286.226,287.72134,286.9615,287.88913,287.49417,286.68646,287.07547,284.91595,287.63098,285.97836,287.28772,289.1533,285.06232,288.1661,286.27707,285.37927,288.52292,286.90665,286.72784,285.53604
1446,1970-07-16,291.2305,287.1012,288.74744,289.82574,287.44827,287.91235,288.19684,287.5825,289.85385,287.28726,288.89465,289.44983,287.73163,288.4706,288.62997,290.16644,286.91803,286.72406,288.85577,287.6287,288.7375,287.4341,287.6898,288.6822,289.0144,286.53232,287.97504,286.7353,289.41183,288.86475
1447,1970-08-16,291.02634,287.2476,287.87064,289.2936,288.6999,289.2822,289.77042,287.84293,289.76917,287.1001,287.76022,288.89255,288.1771,288.2968,289.25916,288.9437,287.80737,287.9302,287.43695,289.59433,288.8476,288.90952,288.16132,290.82092,290.8745,288.27408,288.892,288.17792,289.3694,287.95038
1448,1970-09-16,289.24677,287.03595,288.05292,286.38098,287.5325,286.57083,286.89117,286.26553,287.82428,286.29996,286.8318,287.40683,286.50546,286.69205,288.25473,286.8902,288.96008,286.96283,285.94553,287.02576,288.50735,288.7447,287.69852,288.1527,286.92377,286.52365,288.16614,285.7276,287.8474,287.36902
1449,1970-10-16,284.2196,283.90457,285.45908,283.58112,285.40613,285.84897,284.73187,285.8126,286.09146,283.6833,284.95108,285.96585,283.2262,283.96066,284.8505,285.2166,285.2028,282.91125,284.0584,286.03748,285.44296,285.28177,282.92978,285.91583,282.76282,283.1607,284.93042,284.89453,283.2091,285.7858
1450,1970-11-16,279.77567,281.2169,283.20947,282.74643,281.35886,282.47403,282.9053,282.24863,282.3685,280.83786,280.58063,283.83777,281.40665,283.28372,283.33633,281.9255,282.1119,281.82858,280.93433,280.28018,283.46478,280.68356,282.3795,283.1621,282.1525,282.98846,281.0339,280.215,281.27884,280.85977
1451,1970-12-16,281.24063,280.96646,279.37555,277.53207,280.4186,279.9254,279.52084,279.61002,281.1011,280.23773,278.3471,280.44006,278.53558,277.90543,278.8862,279.7412,279.79758,277.10812,279.42764,280.3431,280.79755,277.38043,279.02597,281.70355,278.70584,278.59674,280.41626,277.1789,279.69296,280.5421
1452,1971-01-16,280.36475,279.75134,279.88,278.09412,279.32852,278.57114,278.4999,280.6739,280.32758,276.63232,278.82916,280.2677,281.0581,275.13327,276.67734,278.62747,280.2169,273.27365,279.5493,278.3341,278.67175,278.49414,278.07846,279.47705,280.1373,280.50134,278.8252,277.95847,277.43863,280.6017
1453,1971-02-15,279.83804,278.8484,278.919,277.22623,275.73166,280.25644,277.37024,280.0002,278.95306,279.93353,275.7286,279.4326,277.9342,278.12198,279.57275,279.4163,279.007,277.91882,278.47253,279.42154,279.88495,278.41864,280.21286,281.3075,279.22037,277.6039,279.8017,278.4638,280.4559,281.13458
1454,1971-03-16,280.09537,278.09683,280.61884,279.25052,279.90088,280.80423,277.67856,280.77634,281.00473,278.43945,277.7582,280.2387,277.20016,279.0688,278.7569,277.40448,277.0925,279.59717,280.56104,279.0511,281.2947,277.5524,280.96097,281.52917,279.04105,279.92868,279.83795,280.06927,277.49945,278.8135
1455,1971-04-16,283.51553,281.57394,283.61154,280.98328,279.15775,279.92554,281.5662,281.91202,281.95074,281.67117,282.32635,282.00616,281.3832,281.17578,280.4218,280.47437,280.55847,278.96976,282.96707,284.00336,280.18408,282.53217,281.22266,281.70325,279.76227,281.18884,281.82797,281.94495,281.22394,278.3722
1456,1971-05-16,285.1393,282.10367,285.8761,286.38333,282.58673,285.0193,283.2457,282.44025,284.83432,283.5681,282.48648,285.02136,284.54044,282.49078,283.3057,283.82474,284.64624,282.44955,284.75418,284.0246,283.60635,285.81146,282.96957,284.0973,283.83014,284.56277,284.4135,284.3377,284.88052,282.33163
1457,1971-06-16,288.4619,286.26178,289.24548,287.89078,284.76688,287.7585,286.14954,285.64557,286.61282,286.28943,286.00934,287.77026,287.42932,286.45273,286.31232,285.991,285.44165,287.0637,286.78754,287.5491,286.10934,289.92032,287.55807,288.6116,287.75,287.1757,286.81284,289.70755,285.9687,286.97006
1458,1971-07-16,289.48184,288.61154,288.30405,288.95377,287.88943,287.3705,287.92014,288.23672,288.20108,286.67834,288.6509,290.24875,287.44397,286.7064,288.3567,287.63336,288.74753,288.02747,290.26962,289.56454,286.73865,289.84195,289.13574,288.67593,289.2928,288.4927,286.42102,287.35263,288.28708,289.17896
1459,1971-08-16,289.44846,291.01807,288.6626,289.34213,289.0184,288.24176,288.19815,286.8405,290.36703,286.772,290.76047,288.92932,287.8123,286.58087,288.17587,290.43106,287.32266,288.49368,288.02216,288.69733,287.8892,289.19788,288.85376,289.31003,289.95126,290.49142,287.9153,288.0728,289.04068,288.2709
1460,1971-09-16,289.9762,287.277,288.473,287.98486,287.82614,286.989,287.1441,286.22098,288.65805,286.42456,288.9632,287.72375,287.11063,286.93216,286.91315,286.23163,286.8323,287.48788,287.16708,287.39618,287.83316,288.13077,286.5741,289.75992,286.35944,286.81827,285.4359,287.4585,287.1589,286.9662
1461,1971-10-16,282.7203,284.252,284.37827,283.20593,282.8515,285.75842,284.56647,284.75424,284.5906,283.55127,284.89847,284.02792,284.78568,284.3442,284.97226,282.7011,285.1611,284.80994,283.51364,284.13898,284.32104,286.0711,284.13217,286.49466,284.00894,284.30945,285.1852,283.7863,283.63773,285.08316
1462,1971-11-16,281.78067,283.03186,282.53326,281.86517,280.40085,282.5783,281.1629,283.58344,280.95273,282.08023,282.311,282.43027,282.64743,281.8962,283.1799,282.19055,281.88678,282.662,280.74252,281.66498,282.24857,280.62234,278.97632,283.09064,279.09634,280.1085,281.3835,280.55988,281.4894,282.7027
1463,1971-12-16,279.75192,280.15656,282.67184,279.96597,275.10013,280.15585,280.36694,281.58322,277.28375,278.98065,281.77158,281.86987,281.11246,279.04013,278.32748,278.9336,279.85156,279.15817,278.5571,278.2891,280.12872,279.20157,280.54657,279.01428,277.77866,278.36807,280.5082,278.21637,281.65134,281.41617
1464,1972-01-16,275.80826,280.44943,278.59286,278.56473,279.27835,281.01483,279.3901,279.92957,280.02127,280.55557,278.07675,278.23846,280.06024,278.18546,277.96936,276.82114,279.2999,279.51218,279.93768,278.53278,279.4117,277.8953,278.7434,279.42963,278.7854,279.09125,275.30536,278.06863,277.98395,275.0713
1465,1972-02-15,280.07758,280.98776,280.34436,279.1543,279.0667,280.09357,279.58414,279.88248,278.2175,279.98886,277.95547,279.73895,279.38553,279.95798,277.42947,277.97327,279.86218,278.91895,279.33438,278.63153,278.17065,280.2964,279.0164,280.61658,280.39893,279.52823,278.67386,278.1278,277.45404,278.7337
1466,1972-03-16,280.86664,280.257,278.72137,279.91544,281.52173,279.28345,281.06964,276.9463,278.60587,281.00565,280.65445,279.92523,280.75943,280.06567,278.48822,277.88635,281.2193,280.52872,275.0406,275.5822,280.70303,278.82916,276.0265,278.3397,280.20776,278.71323,279.37717,280.0557,280.8373,281.27838
1467,1972-04-16,281.20312,280.75543,281.07736,282.1159,280.33774,282.62555,281.95004,282.29437,281.11392,281.74942,281.61743,278.862,282.6764,282.15335,283.40814,282.32712,284.24167,282.57736,280.2751,281.65118,280.66547,281.3331,280.8533,280.33813,282.12857,280.42496,280.86646,281.69296,283.15082,281.6166
1468,1972-05-16,283.94928,283.7325,283.87515,283.55597,283.4868,283.943,284.73038,285.0136,283.21222,282.6593,285.17432,285.43887,283.29233,284.32776,283.28622,284.9302,284.89075,284.1095,284.81223,283.86316,284.2854,287.06427,284.42896,283.88724,283.19232,282.7569,284.35208,284.46375,285.37607,283.34552
1469,1972-06-16,285.24088,285.33038,285.98978,286.2806,287.00153,288.1098,286.52844,286.17407,287.4547,286.56598,287.75598,288.9202,286.91193,286.55527,286.66083,286.96515,289.61298,287.18057,287.9843,286.41092,288.75323,288.80182,286.67886,287.61826,286.3706,286.6766,288.86703,286.59543,288.87418,284.6277
1470,1972-07-16,287.9782,287.51157,288.03748,287.0514,288.6782,288.76575,287.79785,287.17905,288.6627,287.52164,290.86374,288.80957,287.91724,289.23358,288.6825,287.311,290.19925,289.60202,287.6009,286.93338,286.52615,289.3656,287.33383,287.16873,288.17612,287.9319,289.32068,288.58768,288.97403,287.44775
1471,1972-08-16,288.1565,288.37604,288.141,287.0808,290.2341,289.03046,288.96603,286.98508,289.2434,287.75345,288.9293,288.3569,288.97748,287.79736,290.93146,288.2414,289.77853,289.2702,288.4772,286.2294,288.28372,289.12823,288.01285,286.69907,288.42822,287.5363,290.9945,289.56552,289.08386,286.78574
1472,1972-09-16,287.6702,286.94965,286.67322,287.4351,288.74655,287.31943,286.5341,286.47556,288.12628,285.45233,288.06433,287.34213,286.68088,287.21396,288.64716,286.56543,287.82578,286.60873,286.5348,285.11218,287.53162,287.88602,287.30646,286.21927,286.17535,286.7989,287.96036,287.368,286.52655,286.89066
1473,1972-10-16,283.2807,284.67114,284.59616,285.37436,285.06693,284.12598,284.307,283.90628,283.93036,283.48874,286.16223,285.68625,284.23178,284.56323,284.18372,284.54108,283.98315,284.72342,284.1854,282.4694,283.36075,284.6189,282.6786,282.83743,284.95947,285.20837,284.76013,284.5793,283.89966,284.2294
1474,1972-11-16,280.98468,280.49228,282.02097,280.8071,280.8352,280.81277,281.167,284.3322,280.64496,281.9765,284.22095,280.82928,280.2775,280.55112,280.79962,281.47217,280.38327,280.70898,281.81134,279.42,280.26385,281.52966,282.76172,280.66904,284.18246,282.77145,283.04626,281.7985,282.708,281.2067
1475,1972-12-16,279.82602,281.8015,280.38138,279.45416,280.52783,281.20572,279.1807,279.64694,279.89673,279.702,281.42502,276.99396,276.84686,278.8386,279.1587,279.54675,277.58585,279.51328,279.68903,277.3968,279.4459,279.5051,281.27692,278.41708,279.8598,281.0402,278.6956,280.23343,277.2795,282.61807
1476,1973-01-16,279.92676,276.96976,280.77457,279.58112,276.17252,279.05603,277.88406,276.2133,279.06522,277.04834,279.3208,278.60147,276.5146,279.18033,276.47238,277.3618,275.72202,279.81107,276.4286,276.08057,281.14978,277.1146,276.90976,279.6687,280.61002,279.34674,278.5827,278.97748,278.7583,280.0009
1477,1973-02-15,276.06116,278.18222,279.79706,277.14877,278.71246,277.17847,279.81378,279.04422,278.8902,277.5154,277.52896,277.26215,278.296,280.02423,277.15207,280.58572,274.68057,278.64276,277.57007,279.68768,279.41132,279.0717,278.02615,279.65088,279.18536,279.67383,276.25424,279.9912,280.1949,277.32993
1478,1973-03-16,277.4368,277.27896,279.67877,280.5919,281.22534,278.0062,281.07788,279.27493,281.4404,278.98822,280.16324,278.49957,280.35052,279.68866,280.12192,281.52377,276.6607,279.87268,278.84167,279.8277,281.64606,279.0021,279.83524,280.76953,279.4477,278.21112,279.50406,279.97147,278.1563,280.42404
1479,1973-04-16,280.29996,280.9617,281.84872,282.2564,283.2153,277.44638,281.4249,282.04248,281.90396,280.05563,282.37042,280.91095,281.4115,281.80606,280.93323,281.95245,279.6713,279.8413,281.20532,281.041,282.14114,280.0857,281.2797,282.01318,280.22272,280.5493,279.89465,282.02438,281.847,282.96637
1480,1973-05-16,284.00226,283.2414,282.9412,284.08017,285.36844,284.62842,283.44577,282.99838,283.64282,282.32712,284.62955,281.7999,284.5823,284.84995,284.2362,283.11386,283.01895,283.92233,286.2102,284.64548,284.4057,283.04416,285.0418,285.82016,281.76224,283.22385,283.47495,284.99582,286.54495,283.5572
1481,1973-06-16,286.43414,287.05222,286.11652,286.91205,286.31213,286.4766,286.96875,287.00873,286.97928,288.3785,285.93933,285.64478,285.7622,286.71335,286.06653,284.90204,287.03867,286.78674,287.3766,285.4482,286.75818,286.2613,286.94632,290.05368,286.5201,287.5382,286.84995,287.58734,287.0223,286.25696
1482,1973-07-16,286.73663,288.1436,287.77054,288.89627,287.09616,287.29678,286.429,287.58246,288.18533,290.56693,289.41034,287.83975,288.2381,288.425,288.63962,286.28833,289.44733,287.92456,286.88974,287.98917,286.82617,288.5787,289.53976,291.4272,289.30295,289.27713,287.84824,290.22375,288.47095,288.88043
1483,1973-08-16,288.7246,289.92902,288.30573,289.05234,287.8931,286.73706,288.19177,289.64807,288.6741,289.95883,288.58688,287.1551,289.35147,288.35706,288.60193,287.71628,289.18884,287.4647,287.78305,287.86703,287.15952,287.8645,288.7524,288.74796,290.49197,289.078,287.55905,290.43054,289.31708,289.70288
1484,1973-09-16,286.5549,286.13794,287.98978,287.41006,286.55344,286.56863,287.1629,286.35233,286.57907,288.7677,286.48422,286.67166,286.854,287.1088,287.09967,287.32697,287.80322,286.1724,286.3468,286.65375,286.27374,287.49646,286.08237,286.86166,287.61057,287.65997,286.50134,288.4691,287.03238,287.96875
1485,1973-10-16,283.94064,283.6879,283.8731,282.3687,283.66675,284.05273,285.55276,283.4213,284.62003,285.97934,283.86694,284.76025,283.86148,284.4349,284.04318,284.2461,284.75964,282.36288,284.71692,285.39154,284.8837,285.00742,284.3192,284.80933,284.00128,284.21506,284.46082,284.41226,284.69064,285.19705
1486,1973-11-16,280.74628,281.3777,282.04633,280.459,281.57367,280.57614,282.70804,280.13043,282.01315,280.64178,283.12054,282.83664,280.65988,281.21857,280.16803,280.63297,283.57855,282.01324,279.799,282.1627,281.35638,280.85947,281.5926,281.50885,283.06406,281.55157,282.55777,283.25247,282.52005,281.33218
1487,1973-12-16,279.05753,279.04227,278.769,280.81418,277.1057,279.93478,280.62515,281.04462,280.5339,280.5488,278.57053,281.65112,278.88208,280.1445,278.02747,278.3577,280.8022,278.9476,278.86264,279.11023,281.94644,280.4264,280.0379,280.5331,279.3972,280.57587,279.07993,280.53467,281.10336,281.2125
1488,1974-01-16,276.8702,279.4813,279.22427,279.96243,276.51514,276.36295,278.6957,279.8197,276.56232,279.08923,277.4948,280.1934,277.94815,279.80292,279.06042,276.86453,279.824,272.77652,278.63217,275.4963,279.05737,277.99704,278.92322,279.9612,280.26157,278.10336,280.53345,279.87003,279.1128,279.123
1489,1974-02-15,275.7165,280.03558,279.7606,281.19803,279.12802,275.2854,279.69034,279.96887,276.40182,279.77466,280.44156,278.5986,279.29407,280.07047,280.42438,275.08496,279.60474,274.54562,280.16595,279.6393,278.39246,276.42142,279.96307,277.34518,278.70367,280.13303,281.19235,280.1434,280.65607,279.7612
1490,1974-03-16,276.95514,279.07382,280.21844,277.94284,280.65857,280.75656,281.20248,280.8506,280.6503,281.64203,278.94156,281.00253,280.10046,280.3399,280.79916,279.98862,280.7313,275.11664,279.01306,278.4025,276.17914,276.6177,279.39612,280.89874,281.43387,280.521,280.28958,279.37598,278.73886,280.69836
1491,1974-04-16,281.4395,281.63602,281.25296,281.7072,280.98087,282.21713,282.75497,282.80276,281.65482,282.3639,280.69815,282.72842,279.96924,281.5319,282.24265,280.0213,282.45435,277.89365,282.5779,281.04504,282.3424,279.2242,281.07126,283.6836,283.2143,281.62744,281.68423,283.03348,279.1693,283.2263
1492,1974-05-16,285.66522,284.75192,285.79758,285.43668,283.7266,284.94287,284.12155,283.28732,282.44534,284.4,282.78638,283.49496,282.09442,284.4469,284.50986,282.44095,283.30685,283.19556,280.56827,283.59692,284.7811,282.95117,282.59286,283.72824,285.2636,284.13593,283.11206,283.5561,285.98624,285.7614
1493,1974-06-16,287.53094,287.00836,287.75003,286.95932,288.73743,286.96243,286.7855,285.7731,289.33112,286.3898,288.06427,285.95712,286.06332,285.348,287.6864,285.65042,287.24097,287.2411,284.55933,287.052,288.4034,284.8235,287.14944,285.90323,288.6395,286.99103,287.42667,287.13208,287.16678,289.15106
1494,1974-07-16,289.25635,288.17682,287.09384,287.56113,288.5767,289.35843,287.29892,288.87595,289.31625,287.6335,289.33514,286.9399,287.78293,288.8241,291.26654,287.7069,287.14764,288.83533,287.99802,287.7961,289.05396,287.1447,288.79486,286.84506,290.12653,288.59018,288.59317,287.36102,288.68112,288.90314
1495,1974-08-16,289.2648,288.2697,288.48444,287.58704,288.7442,289.3111,287.8058,289.3312,286.68115,288.48914,288.2716,288.7181,287.74478,289.68045,289.39868,288.63892,287.7254,289.4585,289.70984,288.44073,289.48193,288.7164,290.01938,286.8083,289.6465,289.59003,288.4941,288.02426,287.86523,288.88666
1496,1974-09-16,289.4637,286.37073,287.4846,287.6822,288.09604,287.4862,286.07745,287.31717,285.27322,287.33524,287.39664,287.462,288.84924,287.76062,288.50443,287.54892,288.16357,289.84143,286.8232,286.8686,288.17572,287.9599,287.15005,286.8428,288.45792,288.05453,286.23102,287.92392,288.71564,286.46603
1497,1974-10-16,284.50867,283.961,284.45984,283.64767,283.954,285.1627,283.10062,284.0266,284.41965,284.79993,284.21906,285.0235,285.21512,284.77502,285.97058,284.0798,286.12457,284.8457,283.32852,283.93747,284.65814,284.64093,283.43643,282.89713,285.29904,282.9462,284.13153,284.61954,284.98746,283.67236
1498,1974-11-16,281.31033,282.47894,280.96805,279.62283,282.48615,283.0069,280.2494,280.71298,280.62793,282.07584,280.79852,282.55365,282.39288,281.74536,283.36877,279.23633,281.24493,281.4867,280.6442,281.74725,280.51312,280.1692,281.71133,280.928,282.93283,283.22113,278.49072,280.8228,281.11407,281.22067
1499,1974-12-16,279.5326,280.31387,280.3572,279.67517,274.81918,280.86984,278.8468,280.82315,278.2718,281.53198,279.4527,279.89984,279.70016,280.5108,280.35095,278.06424,279.36804,279.18872,280.00235,277.99463,278.0322,278.3754,279.6462,276.6705,281.84436,279.36163,279.16168,279.65298,279.6896,279.74594
1500,1975-01-16,278.31583,279.04437,277.95047,279.4864,278.15353,279.31525,279.42126,278.49268,279.24878,279.73532,280.20023,279.84088,280.0332,278.65125,279.28378,277.52713,279.56958,278.86948,279.85596,279.74054,280.1165,279.30307,278.6572,279.06232,278.8186,277.91296,277.69086,279.58673,276.56842,279.7116
1501,1975-02-15,278.76544,277.31458,278.9029,278.7066,280.0676,279.12317,278.98325,279.3343,279.62738,281.50095,279.64325,276.55386,281.15808,278.98404,280.36383,275.74475,278.1485,277.58194,276.14215,279.0682,277.92996,279.02243,278.17825,279.44708,277.24252,276.88486,278.6981,279.94513,277.32288,279.12402
1502,1975-03-16,280.01007,279.61743,281.105,279.73035,280.9573,278.86392,280.06326,280.79828,278.96274,281.44064,280.52023,280.5344,280.7843,281.2551,281.49597,280.52005,274.3168,278.38455,278.46854,279.42734,279.234,280.08093,280.7231,280.40176,277.18243,279.25308,279.0861,281.2647,279.20532,282.04694
1503,1975-04-16,281.59518,278.5599,283.55774,283.069,283.3131,279.8064,281.6295,282.43735,282.7508,282.48245,279.69275,281.7852,281.87543,282.12952,282.05997,281.2074,281.74655,281.37027,280.21967,282.1767,282.9441,282.38306,282.29837,280.67908,281.35513,281.51532,280.23547,280.36816,280.04318,282.65454
1504,1975-05-16,285.18744,284.20328,285.11264,282.85394,284.17975,284.20285,284.362,282.62155,283.8303,285.58383,284.4717,284.96173,284.74533,284.1222,284.26944,284.3507,283.456,283.8883,283.69894,284.433,285.8806,285.33133,284.04138,283.65103,283.9363,284.0289,284.21808,284.86826,284.44858,284.38672
1505,1975-06-16,289.0007,285.99686,288.78217,286.31744,287.0392,287.1102,286.88495,286.91977,286.49902,286.9531,286.77988,285.6957,287.57938,287.89297,287.56253,288.01813,285.94995,287.8199,286.99976,285.93436,286.37845,287.0101,286.497,289.20264,285.41678,288.2836,287.14392,286.06302,288.40662,287.5993
1506,1975-07-16,287.59924,287.62415,287.85416,287.2531,287.9599,288.8207,288.60437,287.659,287.21988,288.12854,288.45486,288.40753,287.58124,288.42447,288.19852,289.0388,288.04727,289.1377,288.54587,289.48645,287.44925,288.37042,288.3544,288.2648,287.334,288.074,287.08362,288.20032,289.29483,288.04892
1507,1975-08-16,288.96732,287.82687,288.0675,288.78497,288.71622,287.3109,288.16757,288.42978,288.59674,288.65533,288.7465,288.07703,287.12967,288.4978,289.38666,287.53442,288.96265,288.79233,287.4601,288.39584,290.42905,288.40494,289.47595,288.05368,287.8864,289.24774,287.5313,288.715,287.80325,288.32684
1508,1975-09-16,288.24564,287.61813,288.9715,287.36618,286.58008,284.966,288.08136,286.85306,286.09955,287.8797,289.04376,287.80167,287.199,287.1476,288.84735,287.65637,286.92984,287.61105,287.75836,286.50162,289.0992,288.14523,288.0635,287.59808,288.10162,286.1184,286.5636,286.51782,288.05392,288.57254
1509,1975-10-16,285.3274,285.8514,285.61957,285.38907,284.9137,283.9166,284.31927,284.4876,284.6834,285.07117,285.62238,282.556,285.22183,282.84387,286.1765,285.51395,284.95364,283.9584,285.05295,281.52628,285.15894,284.53186,283.98373,285.90628,284.73987,284.07175,283.91962,282.21646,286.14435,285.65448
1510,1975-11-16,281.70587,283.0035,280.7182,281.6716,281.24298,281.52512,279.04724,281.33554,283.6352,282.9417,280.00702,280.055,282.71802,280.8784,281.3792,281.86902,282.50253,282.35974,282.69562,277.15268,281.02692,281.24353,282.0334,281.88058,281.0052,282.28552,281.333,281.55765,281.7105,283.6839
1511,1975-12-16,280.19183,278.56137,280.576,276.2709,280.63385,279.38687,274.58313,280.68033,280.76495,281.70374,280.06866,276.82538,280.26477,279.53577,280.35513,279.61627,282.33017,279.37262,279.02243,276.9531,279.0255,279.3068,278.55576,280.40536,278.84985,278.5674,280.33923,280.1183,280.6416,280.97388
1512,1976-01-16,277.9308,279.88574,278.9348,278.89536,278.44763,278.10553,277.9514,280.7616,279.9167,277.0603,279.5062,278.5275,279.01718,281.1342,278.4195,279.4713,278.0303,277.2882,277.49506,277.1514,277.97882,275.35205,279.14276,279.74554,278.45334,280.218,275.66876,279.66785,278.8267,278.31818
1513,1976-02-15,278.12552,278.8308,279.95282,279.70078,279.16248,278.86057,280.09772,281.445,281.4205,279.08936,280.36383,280.2357,275.62756,278.53766,278.7833,279.56476,276.02664,277.76706,280.4046,278.66876,278.15186,279.5187,278.8726,281.3275,277.61932,279.87122,278.4553,278.93936,280.8911,277.2797
1514,1976-03-16,278.98886,276.63336,281.59937,280.20972,280.04947,278.81827,279.32788,282.48755,281.47107,280.30774,280.8147,278.89664,278.02875,277.96716,280.40457,279.0846,279.04324,276.14572,279.95615,277.40033,277.24838,279.85156,280.18878,279.77158,275.03128,281.60916,279.80685,277.47528,278.80835,279.30618
1515,1976-04-16,281.29034,279.1435,282.50388,279.8617,282.98712,280.72037,281.57434,282.37103,280.98196,282.16714,281.37988,281.4581,280.62714,282.45544,282.1718,281.73196,281.8591,278.95602,281.7096,281.11826,280.94812,282.2583,281.2142,281.6401,279.83282,281.8672,283.06064,280.1661,282.96268,280.974
1516,1976-05-16,280.9457,284.4937,284.66843,282.07016,284.60098,283.3931,283.6133,284.7368,285.02618,283.9905,284.25543,283.95575,285.34042,284.17905,285.622,285.01703,284.4149,283.54935,283.9364,281.28088,282.0288,282.8094,283.0146,284.45032,280.85693,284.51645,283.16946,280.87567,284.7052,283.90292
1517,1976-06-16,285.72095,285.40445,287.94757,287.35614,286.67212,285.28693,286.1277,287.99728,286.4912,286.2212,287.94595,286.46082,287.70334,286.4078,289.8469,286.53265,286.941,286.46054,286.4772,285.20184,287.03326,285.21124,286.24994,287.08823,286.9148,286.7134,286.69522,285.32925,287.7978,286.763
1518,1976-07-16,287.96988,288.34314,289.38327,288.1404,290.00342,287.21286,287.50317,289.7823,287.6059,287.60187,287.12943,290.4857,290.99323,288.54758,288.36362,289.15833,288.05603,287.0212,287.22885,286.1914,289.45163,288.19632,287.57816,291.5936,287.59387,287.44327,289.44867,287.76883,289.36374,288.80377
1519,1976-08-16,287.77853,287.8551,288.16022,288.1251,289.4501,287.928,289.31317,289.86136,289.588,288.35223,288.83035,288.84186,288.10883,288.69952,287.76328,288.05728,287.8803,288.27252,287.19647,287.42148,290.31967,288.27066,287.86197,289.99176,289.1703,288.37997,289.97955,290.00964,289.18546,288.65503
1520,1976-09-16,286.48105,286.46158,286.36914,285.42697,288.8128,287.41705,286.14407,287.03452,286.87756,286.43344,288.7414,285.96802,286.82007,287.76895,288.33044,288.41766,287.26813,287.45468,286.57507,286.95132,286.7651,287.26358,285.34442,288.32053,285.78125,286.91888,286.72095,287.1892,288.30814,285.87305
1521,1976-10-16,285.62372,284.42328,284.4743,283.2316,286.34274,285.6158,285.18924,284.34082,283.22202,284.8834,284.78223,284.01947,283.778,284.32675,285.8452,285.6664,284.52502,284.7053,283.23502,283.28995,285.58075,285.3372,284.21606,284.10236,284.5871,283.23077,283.5922,284.86407,286.01923,283.79584
1522,1976-11-16,282.1709,280.86942,281.44946,281.3532,282.1094,282.53317,281.28854,280.44092,278.89636,282.78052,279.501,282.52832,281.96298,282.0541,280.89938,282.77063,280.9424,281.8999,280.67987,281.54352,282.27664,279.47867,281.7798,281.9507,283.13895,279.24176,282.27774,281.2267,281.69925,279.9836
1523,1976-12-16,278.26233,278.8374,280.26926,279.41168,281.1857,277.85925,280.66736,278.9734,278.47064,279.6891,279.9411,280.44897,280.53995,278.94882,281.2959,279.92383,276.4514,279.25247,278.04037,280.55386,279.2013,277.56924,279.7609,278.66922,279.60492,277.2178,280.44766,279.61212,280.7513,279.4445
1524,1977-01-16,278.73773,278.35486,279.35342,279.41696,279.14548,276.45328,279.07,280.35294,279.273,278.23923,280.38928,281.32446,276.0674,279.5148,278.1835,278.7338,278.4259,278.93277,277.296,278.56165,277.8932,276.2822,278.1656,276.4675,278.09482,279.51678,279.60834,277.03983,278.1393,278.92496
1525,1977-02-15,277.02277,277.73102,282.60672,275.7121,279.80783,277.40598,279.93097,278.31738,278.8736,279.9564,280.8536,282.02374,276.95645,281.24744,279.64142,279.54343,278.85962,279.4873,275.86328,278.80597,273.96286,278.2296,278.38315,277.7849,278.9328,275.6108,279.77237,278.98907,276.8643,278.24365
1526,1977-03-16,279.70972,279.8367,281.48022,280.29932,279.95883,280.42065,280.93707,279.13077,278.19058,277.78137,277.0312,281.86026,278.7465,281.3616,279.60693,279.8536,278.92856,281.10126,279.0388,280.3611,276.57312,281.6509,277.67545,280.93045,281.04703,280.37735,281.94147,280.4365,278.60983,280.21252
1527,1977-04-16,283.37943,280.29303,284.34763,280.73593,279.81647,282.29,281.37155,283.0837,280.52844,282.1789,281.4612,282.85352,281.8445,282.7451,281.74554,280.93002,282.0172,281.49435,281.23734,280.04285,280.23334,280.70767,280.02905,281.99017,281.9925,282.26053,283.7264,280.89053,281.56314,283.0345
1528,1977-05-16,283.13693,285.29395,285.5419,283.05502,284.62036,282.9351,283.98395,284.87463,284.4558,284.54742,284.02762,284.39194,282.52,286.1071,282.97223,282.04266,283.84067,283.7146,283.29294,283.4444,284.1415,283.9028,283.60284,284.51834,284.25327,285.34363,285.5812,284.179,284.38358,283.86954
1529,1977-06-16,287.56918,284.88568,287.43076,287.1013,286.59695,285.71277,285.52222,286.02792,289.6317,287.35162,286.681,287.3573,287.20758,287.3618,287.76184,284.9545,287.37064,286.5268,288.01956,286.72812,288.80264,287.3574,287.83752,288.44604,287.82928,285.93665,288.1193,285.07928,287.0056,287.82236
1530,1977-07-16,289.92242,288.40674,289.71057,286.17145,287.7505,290.06863,287.275,287.75528,290.22452,289.6932,286.52478,287.99512,287.38516,287.39618,289.5938,286.1996,287.93817,288.1683,288.1234,288.36713,289.16632,288.46265,289.89917,289.2566,289.5707,287.62717,287.77518,287.611,287.95618,288.65042
1531,1977-08-16,288.51248,288.76752,289.8603,287.92163,289.03647,288.87006,288.04697,287.57635,288.4651,288.6832,288.631,288.9894,288.84985,287.86526,288.5392,288.328,286.97964,288.1834,287.9465,288.22864,288.1602,287.6953,289.9155,291.0113,289.79776,289.29248,289.07474,287.9284,288.9476,289.89938
1532,1977-09-16,287.51675,286.94522,287.0147,284.54883,286.91428,287.02594,286.5184,287.90137,286.49655,287.45193,287.29013,288.15866,286.88202,286.06918,287.9192,285.67358,286.15808,285.84036,287.07272,287.89362,286.75616,285.5169,287.1678,286.35406,287.61642,287.1093,288.35944,287.18097,287.31046,287.29434
1533,1977-10-16,284.09113,284.24683,283.87656,283.33902,284.43552,283.96378,283.67136,284.71216,284.4333,285.2792,284.07227,285.1411,285.25928,284.56412,284.1728,282.46317,284.12003,281.67822,284.7182,283.86682,284.8471,283.6164,284.08713,283.9221,285.59824,285.77878,285.36453,285.47723,285.78058,285.09436
1534,1977-11-16,281.094,281.9626,282.0214,278.4799,281.95865,282.5448,281.9164,279.63617,282.2527,281.48004,282.33704,282.68054,281.20853,281.859,279.78485,280.75055,282.82083,281.14093,282.24594,280.17435,281.0776,279.8783,282.87527,283.8571,282.16522,281.53607,280.8277,281.0225,282.9046,282.08798
1535,1977-12-16,283.04025,280.73596,279.21994,278.39804,280.89322,281.00073,281.16006,280.08127,281.26297,280.7685,279.15158,279.79306,278.68668,280.34708,279.10504,279.86896,279.88553,282.08002,279.60474,279.7856,281.7609,281.06958,278.4365,279.65842,279.68906,279.84952,280.89032,280.01187,282.35083,279.83783
1536,1978-01-16,279.3794,278.50726,277.37387,280.12198,279.54736,279.37802,276.62167,279.9376,279.74405,281.59763,280.08258,279.6868,278.3904,280.17636,280.16248,280.0521,280.6337,281.92032,278.09583,276.42084,279.84845,278.40924,280.11127,279.01865,278.13055,279.97107,278.88522,278.33945,280.7452,279.16235
1537,1978-02-15,278.76608,278.82407,274.89975,277.76752,278.921,278.91086,278.15286,276.87625,278.2738,279.2201,279.634,276.85883,279.4627,280.93225,278.70724,278.771,279.0196,279.1806,279.58646,274.69852,280.15652,278.10446,280.42007,279.05457,277.58597,279.36282,279.14258,279.7737,279.99445,279.00827
1538,1978-03-16,280.30582,279.46786,279.13083,280.32172,278.86118,279.4939,280.51248,279.62268,278.33835,280.2909,279.3218,277.85373,277.60992,281.12115,279.31262,281.4388,279.7819,276.8008,278.3592,278.55722,281.0033,277.97415,280.86703,279.7751,280.22925,280.29782,278.0433,278.06818,281.06158,280.37
1539,1978-04-16,283.80005,281.57874,281.4559,283.21964,281.86618,281.76904,282.53677,281.02206,280.5253,282.52844,282.33737,281.66763,280.05844,281.7316,281.0829,282.68335,281.8892,278.03995,281.2829,282.24957,282.05417,281.4415,280.52213,282.24536,280.22992,282.12497,282.04648,281.2695,283.33914,282.16016
1540,1978-05-16,285.19308,283.36923,285.13968,285.57745,284.8232,284.02692,284.92227,283.30493,282.6196,284.49728,284.7086,287.0214,281.45453,284.85538,284.845,285.00903,283.97583,282.6413,284.9976,282.37198,283.3175,283.5938,284.91595,282.9958,283.85895,284.65146,283.70462,283.97684,285.49503,284.95786
1541,1978-06-16,286.75012,288.29153,287.8187,288.82544,288.5041,287.66537,288.81354,287.68384,286.6569,288.40994,286.87595,287.74454,284.59152,286.6186,287.19547,286.37625,285.73438,287.78488,289.5332,286.32907,286.7104,286.26828,287.8206,286.14987,289.9004,287.18478,287.67093,287.28168,286.81665,287.87378
1542,1978-07-16,288.16238,289.27628,289.7481,288.8162,288.6201,288.82758,290.6848,288.8243,288.17615,290.55865,289.3946,289.72574,287.75055,286.79846,286.91705,287.0989,287.96463,288.94846,287.98984,287.4346,288.7712,287.211,288.464,287.36838,291.1083,289.80386,288.71616,287.3481,288.1377,291.88028
1543,1978-08-16,289.3565,289.75488,288.25665,288.897,289.7851,288.91733,291.55988,289.92325,287.96878,289.29556,288.71426,288.46698,288.21548,287.60193,288.76987,288.87704,288.0593,287.9956,288.76227,288.6418,288.6713,288.08426,288.52335,287.45544,289.71332,289.0157,289.2724,288.2521,288.0177,290.11597
1544,1978-09-16,288.06427,287.2206,287.4275,286.25864,286.7017,286.47452,289.7464,289.49896,286.99435,288.02316,286.6609,286.6874,286.27783,286.9814,287.6868,285.9757,288.07642,286.33203,287.79056,288.4752,288.70465,288.38568,287.36353,287.6217,287.93427,287.49686,287.58957,287.6651,286.20908,287.19476
1545,1978-10-16,285.1209,284.5348,285.9405,283.73053,283.96915,283.12582,284.3892,285.5363,283.00763,286.2018,286.3304,284.79327,283.6218,282.59628,284.46698,285.873,284.0007,284.82428,285.99173,285.3579,285.40488,285.81668,283.49088,284.57523,285.16803,282.32483,283.57895,283.20645,283.31943,284.79733
1546,1978-11-16,280.30322,281.13055,281.8272,278.83115,282.29312,280.7478,280.2752,282.30487,282.58292,282.04913,282.7069,280.81613,283.19873,282.42392,282.95425,282.13004,282.1578,279.46323,283.1788,284.30838,280.1184,280.1909,282.30017,284.1544,283.50418,279.10715,281.79843,281.61832,279.86343,281.5375
1547,1978-12-16,278.48126,280.4094,281.07666,279.3104,280.78595,277.47073,278.95468,279.4935,279.09558,281.29263,277.2025,281.64047,280.73984,280.0794,281.16922,278.7747,280.8748,277.56717,278.75027,280.93954,279.22327,277.90164,277.8621,281.8172,279.74667,278.2874,279.71503,277.62723,278.87454,280.85455
1548,1979-01-16,276.8814,277.54147,279.68994,278.14603,279.66095,277.66812,278.75827,277.34818,279.58142,281.58643,277.72128,279.524,280.7811,277.97833,279.3482,278.13278,281.92026,279.3452,279.64526,278.11798,279.15988,278.4267,278.7314,280.5126,279.21295,276.37265,279.74808,278.00067,276.24597,281.32318
1549,1979-02-15,276.7479,279.7944,278.88153,277.46802,279.50394,277.41498,277.58688,278.30182,279.70688,280.5164,280.5928,279.2166,279.68665,279.86624,278.14062,279.61,280.0381,277.9746,277.35547,279.12463,279.94717,276.01578,278.7814,279.33392,278.2329,278.61703,278.31943,279.18076,274.46597,278.80533
1550,1979-03-16,275.81186,277.20688,278.83945,278.40802,277.9487,280.69724,280.4197,279.89218,279.8028,277.5176,281.1871,279.09225,280.0738,277.91666,279.8398,279.59518,280.29742,279.5999,280.0962,277.85132,279.3759,280.05685,280.54016,280.78452,279.10986,279.66742,281.2118,280.4403,277.95132,279.7931
1551,1979-04-16,279.83435,280.5472,280.87814,281.13046,277.96677,282.33063,279.41293,280.39764,282.54044,281.54883,282.99185,281.67822,282.39948,283.00824,280.52338,281.5121,282.5795,279.97403,283.05554,280.6727,282.43225,279.47794,283.50592,282.99994,280.4771,280.3745,283.6911,282.76437,280.42145,282.94946
1552,1979-05-16,282.91544,283.22928,283.99646,284.08978,282.25903,285.16782,284.3904,284.76572,284.16553,283.41278,285.06848,282.3432,284.4077,284.33652,283.83228,284.2591,283.16498,282.14642,284.65762,283.73618,284.35635,283.95236,285.88354,284.15573,283.687,282.60272,285.95627,282.8677,283.01868,285.1286
1553,1979-06-16,287.61545,288.14523,287.0604,287.3971,286.38638,286.6097,286.15063,286.75244,286.2339,285.9274,286.6254,287.10666,285.33032,286.14252,285.75467,286.4857,286.2049,285.96664,287.82498,286.19858,289.15707,285.38223,288.24582,286.88596,288.94308,286.40924,288.71008,287.3914,287.99136,289.42755
1554,1979-07-16,287.86014,289.52765,289.58304,290.5759,287.2404,288.71326,289.27988,288.39645,287.6678,287.3574,288.58667,289.2439,287.4732,291.10733,287.74634,286.4889,287.8326,288.89667,290.19745,289.29184,288.02435,288.47345,287.79434,288.4579,289.00043,287.86914,288.0228,289.0506,292.08154,288.1297
1555,1979-08-16,288.82944,287.97342,289.8241,289.82437,287.07077,289.98672,289.53943,289.00613,289.1415,287.3783,288.77197,289.16818,288.69382,290.83975,288.28366,287.95822,288.8899,288.86383,290.2803,288.4296,288.16953,288.9199,287.65298,289.29562,288.78265,288.76337,287.79364,288.4696,290.45526,288.42383
1556,1979-09-16,286.10858,287.00894,288.15112,287.92664,287.18347,288.00195,286.43573,286.8187,286.0047,287.26813,287.3965,287.09045,286.65524,287.9507,287.21124,287.04672,286.19888,287.15158,287.4802,288.0782,285.86337,288.22165,286.86237,288.46396,287.39334,287.95197,286.92514,286.72025,288.46368,287.4542
1557,1979-10-16,283.45294,284.77045,284.3629,284.08902,284.501,285.0107,285.11945,283.79544,282.30646,285.0062,285.35953,285.20163,284.217,284.59677,284.6439,285.23846,283.6911,285.02353,283.80356,283.3228,284.348,285.98154,285.534,286.85458,284.78528,285.39838,285.62964,285.39737,284.8191,284.26587
1558,1979-11-16,282.84988,283.1621,282.9251,281.80713,281.30414,281.29956,282.1238,282.2324,282.44836,281.9088,281.71515,282.42972,282.22818,280.98904,280.58408,281.59665,281.9094,279.95157,281.18484,282.27698,281.58893,280.99777,282.3142,281.47504,283.3079,283.06876,283.69162,280.83273,282.39832,283.96692
1559,1979-12-16,282.145,281.8011,282.15765,278.82495,280.18854,281.04663,281.00458,279.32626,281.67715,280.92493,281.44516,278.4374,281.7843,280.5344,277.41843,278.0288,280.55527,278.24054,280.02908,280.15387,278.39935,278.55402,281.47784,280.4976,282.41766,280.2171,281.4074,279.0796,279.30496,280.65298
1560,1980-01-16,280.75705,281.72894,277.42505,279.19476,277.00827,279.48462,279.42163,279.87726,277.60977,277.6567,280.7565,278.74512,280.84048,277.54492,275.88992,277.76495,277.87872,278.4771,278.372,280.47766,279.24844,280.08746,280.85788,279.20352,278.7467,279.02667,281.2698,279.72137,278.7111,278.8441
1561,1980-02-15,280.82047,279.31204,279.57764,278.68997,278.74402,280.13742,277.9193,279.303,278.51688,279.3234,278.55524,277.71423,279.91077,277.58008,277.6594,277.5946,279.7967,276.9411,278.5791,279.48273,279.98703,275.73322,280.68018,278.3188,277.0066,280.68597,279.4458,278.38272,274.93686,280.1626
1562,1980-03-16,281.35254,278.33078,279.8606,280.53482,280.38544,278.8658,279.54086,279.2037,280.46732,279.64175,278.9394,278.8594,279.12582,280.04834,279.6681,281.01834,279.95633,279.3107,279.41177,280.0306,282.22534,278.58838,279.09924,279.63013,279.54797,280.529,281.07544,280.8143,278.64352,280.07053
1563,1980-04-16,281.551,280.48734,280.30002,279.65225,282.40558,280.41525,282.69583,282.43732,281.4472,280.792,282.14014,282.89636,281.48337,279.65668,279.67288,281.67297,281.31458,281.68295,282.37564,282.63602,283.2905,281.21518,282.00525,282.262,280.9647,281.87564,280.2567,282.28552,281.2712,279.00034
1564,1980-05-16,284.56903,284.06464,285.32065,283.59653,284.65384,283.47787,284.1466,284.82587,282.80157,285.35483,284.61377,285.48572,286.52783,284.19388,284.314,281.7799,283.82294,283.99182,286.0701,284.4189,285.214,281.8835,284.30905,286.64615,282.04565,286.6963,283.96326,283.76636,283.41367,282.91815
1565,1980-06-16,288.07996,287.3068,287.32626,286.27335,287.8336,286.4773,287.03586,289.95612,286.19913,287.38614,287.8966,286.31165,286.8687,286.72314,286.58707,286.04886,287.7876,286.97202,286.03946,285.77692,288.8054,285.36566,288.06912,287.5367,286.02692,286.81607,288.3714,286.14853,287.47424,286.24252
1566,1980-07-16,288.36252,288.16455,288.5369,289.38345,287.9617,288.00116,288.18552,287.5887,287.4834,286.8364,288.4891,287.9707,288.24792,287.8849,288.18768,287.77826,288.9835,287.54715,288.48608,289.92294,288.81937,288.0517,288.0199,289.69473,289.59378,287.103,288.34335,287.8344,287.77112,287.91888
1567,1980-08-16,289.85367,290.4356,290.03235,289.45953,289.05917,289.7085,287.48077,286.97818,287.53488,288.2582,289.56293,288.84662,290.1386,288.90744,289.1749,288.50665,288.73068,287.12497,290.13483,288.96463,287.8632,288.94333,290.41782,289.6852,290.48322,289.08527,287.82104,288.39783,288.31973,289.16248
1568,1980-09-16,288.02362,288.4237,288.61087,287.42056,286.29935,286.84213,287.2069,285.42453,286.9666,287.72876,287.90945,287.58435,286.79663,288.36646,287.94305,287.21265,286.62045,286.75784,286.5962,288.709,286.41638,288.65903,288.8053,287.17932,286.41605,286.49246,287.4688,287.64462,286.68158,287.58206
1569,1980-10-16,284.5895,286.5396,286.16483,283.83344,285.08813,282.98392,284.91238,285.00064,286.2237,284.9229,283.8243,284.57425,285.1512,284.53574,284.6443,284.5733,284.1088,285.5094,283.54327,285.388,283.81796,283.7533,285.00467,284.59253,283.2904,286.12225,285.21387,285.52643,283.9218,284.42007
1570,1980-11-16,281.25543,282.75427,284.33636,280.54453,283.5092,281.73373,280.86752,281.65305,281.82,281.16644,280.90338,282.5933,282.00485,280.24658,282.38394,280.20084,281.14105,284.13965,281.15405,284.08185,280.93536,282.5483,281.0667,283.20435,280.54462,282.33658,282.5274,283.626,281.38464,282.41342
1571,1980-12-16,280.8246,278.93994,280.88055,280.5785,278.80032,279.9953,281.03082,277.58475,279.45282,280.86172,279.7028,281.00467,279.39957,277.56302,281.46524,281.02045,279.63565,281.65955,280.468,276.9046,279.98093,278.9678,279.70023,279.98755,279.77002,280.26947,281.16138,277.8935,280.17535,279.39114
1572,1981-01-16,277.18097,281.24637,278.83615,280.15424,277.98785,279.37283,279.43958,277.28357,276.7759,279.1092,278.4289,279.75403,278.4715,278.33417,278.52246,279.8444,279.21436,277.98636,279.61035,277.5212,278.89798,274.87012,274.81317,277.7063,281.1802,278.93277,280.86057,277.80316,277.39163,278.4783
1573,1981-02-15,278.8095,281.48468,280.6671,278.70422,280.81677,279.78873,277.97202,274.36307,278.63696,280.0819,279.2471,278.055,278.3431,280.02756,279.09305,278.8844,275.99088,280.35794,280.20496,280.254,279.76456,278.37732,274.00815,278.98383,278.93652,277.19693,280.80707,279.71753,279.00513,281.13058
1574,1981-03-16,281.2455,280.53964,281.98312,279.40698,279.20764,280.41376,280.86572,278.22546,280.63147,278.3762,278.27872,276.7577,280.42133,280.92764,280.1704,280.77884,278.80557,282.34317,281.26367,281.21124,281.12997,280.3746,278.45694,280.75372,280.4613,279.07443,281.5891,281.24057,278.6387,280.3766
1575,1981-04-16,282.3062,282.0353,281.95758,281.90646,281.6929,282.0326,283.48712,280.58746,282.50522,283.08795,283.56677,279.72192,280.4091,282.12634,282.09293,281.91315,280.78668,282.8857,282.4537,281.1426,281.51483,282.37656,281.77695,283.005,281.65125,282.23865,282.0442,283.24268,280.83517,280.15466
1576,1981-05-16,284.07196,285.31375,285.91675,283.081,286.30444,283.19284,283.8581,285.39346,285.24585,285.72836,284.9254,281.70023,282.91837,284.40146,283.0464,283.17944,282.9208,285.09528,284.46722,284.98898,283.49695,284.55627,285.06488,283.59644,283.62466,284.4936,283.90146,283.90268,283.2183,283.1813
1577,1981-06-16,286.24905,286.929,287.80325,286.5657,289.8787,285.79318,288.02972,286.8339,287.3162,287.18207,289.02917,286.22717,285.01633,286.62692,289.29398,286.1223,286.28488,286.51935,287.632,287.68143,287.53067,286.6394,287.04495,287.1637,286.59177,285.8897,286.30026,288.01505,286.50598,285.93634
1578,1981-07-16,288.77386,288.02158,289.17816,288.54828,290.7219,287.58798,287.68494,287.85605,290.0622,287.09985,288.8811,288.78558,289.19058,289.8582,290.29605,287.71826,289.24893,288.56393,289.17798,289.2484,290.17517,287.9312,287.77722,288.9429,288.64624,288.75537,288.824,288.1433,287.52972,287.52417
1579,1981-08-16,290.22208,288.56485,289.59204,287.97125,290.11923,287.92334,289.04648,287.83145,290.78094,287.19772,287.85483,289.1139,289.262,288.68542,289.59155,288.34302,290.2513,289.6538,290.7989,289.05673,291.03534,286.9428,286.9992,288.27954,288.766,288.1602,287.56058,289.29236,287.21112,288.74216
1580,1981-09-16,286.8474,287.87173,287.6459,287.19733,288.1849,287.17374,290.48242,287.77786,288.2393,285.63654,287.5801,287.15128,288.07178,287.87976,289.05185,287.53537,287.62943,287.3858,286.7683,287.57147,287.58875,286.63443,286.71783,287.7348,287.13913,286.82178,285.71954,288.3877,287.83795,288.643
1581,1981-10-16,284.292,284.7789,285.99475,284.16025,287.2821,285.2356,286.07492,285.74402,287.77313,284.4857,286.3469,284.38184,282.97403,285.38788,285.99124,285.1369,285.058,284.29327,286.38446,284.80017,285.80246,284.4466,283.54407,283.1977,285.4122,284.25232,284.07068,284.43033,284.11304,285.58984
1582,1981-11-16,283.37878,284.0062,280.7932,283.29718,283.17038,279.75842,284.20483,281.97238,280.32693,281.18652,282.0559,283.31476,279.9883,283.78027,282.9192,281.4077,282.83896,282.68774,280.88205,280.67377,283.1511,281.63184,280.4678,281.39432,284.3439,283.4536,281.72574,283.97,283.22833,281.54623
1583,1981-12-16,279.8022,281.55,278.50598,279.6626,280.60947,277.91574,279.66516,280.7183,281.52753,280.72015,281.38824,281.2366,277.50204,280.30994,281.89343,276.7278,281.6621,278.61102,278.3469,281.70676,280.73746,280.02618,278.87192,277.33865,281.24796,280.92203,279.85297,280.5548,280.43658,280.70755
1584,1982-01-16,278.82507,278.13153,277.4357,279.93317,281.16275,279.04138,277.18124,279.67282,279.28186,279.47644,279.5238,279.58365,280.40753,279.78366,279.62512,279.78418,279.12607,276.90005,278.19492,278.50485,279.96695,277.714,278.1255,276.9037,280.20157,279.31604,279.0966,281.4303,276.17303,276.68668
1585,1982-02-15,279.21826,280.7174,278.6278,279.67307,280.46973,278.56494,278.87564,280.28632,278.9914,278.26773,280.32544,280.4654,278.85767,279.1067,279.38223,276.58923,281.42908,279.14377,279.82822,276.5126,279.04044,278.43918,280.24664,280.0466,280.1611,279.69968,280.1846,278.45374,278.08475,274.5782
1586,1982-03-16,275.4257,280.8222,279.2426,281.05768,279.72556,280.20172,278.82816,279.21536,281.28165,279.44098,280.49927,281.30432,279.53433,280.20074,277.62775,280.6013,281.21112,281.38596,278.68643,280.47507,280.602,277.31064,280.098,277.79095,279.15518,281.11145,278.74533,280.50452,280.4262,277.8413
1587,1982-04-16,281.84467,282.76633,282.72736,283.26834,282.16336,281.3841,280.53702,281.42163,280.9931,281.64642,283.04984,281.79904,282.16757,281.83597,281.47345,281.54938,283.3807,283.37427,279.78214,283.36743,282.04715,282.128,281.4875,282.85574,283.6878,282.3121,281.1937,281.70496,282.02908,281.43344
1588,1982-05-16,282.65387,284.4879,283.6069,284.94434,283.8105,282.97604,283.73657,284.57562,282.44327,284.2472,284.67645,284.47278,282.03784,282.3673,284.36902,281.10846,283.59338,284.3135,283.41788,283.75604,284.56836,282.78848,282.2095,284.04388,284.79904,285.3545,285.0834,284.6488,283.43903,283.5794
1589,1982-06-16,289.5654,286.49213,287.58838,287.58398,285.99185,287.13788,286.0819,286.56656,287.38303,287.23703,287.0681,289.20285,286.54272,289.84576,288.68475,286.66647,287.93652,287.97366,285.281,288.02997,288.72717,286.7898,286.03024,286.03238,286.4603,286.19238,286.87375,289.04947,285.9892,285.44095
1590,1982-07-16,288.75278,287.48944,287.98846,290.42245,287.4291,288.86017,288.4949,287.62628,288.31323,288.2782,287.97003,289.01367,290.01477,288.1376,289.1869,287.46896,287.69547,288.31232,286.17426,289.27243,290.25574,287.9939,286.39243,286.9993,287.7641,288.3606,288.58414,289.57684,289.591,287.5637
1591,1982-08-16,288.61575,289.3808,288.94672,290.32635,287.9168,287.49808,288.11877,288.02454,288.99918,288.32233,287.98956,290.38657,288.10638,290.11295,290.07117,287.39127,291.7108,289.35956,288.23785,289.20392,288.9002,288.96402,287.21265,288.12573,289.27286,289.62692,288.26968,289.70438,288.539,289.20148
1592,1982-09-16,286.52457,288.89362,287.0249,288.02103,288.5319,287.22742,288.49548,286.39624,287.51785,287.40155,288.32538,289.52054,286.62854,288.86407,288.39194,286.09827,288.51358,288.85004,287.75952,288.43,286.74353,287.12427,286.66727,287.49823,285.54663,287.51672,287.61703,287.71777,286.28207,287.5584
1593,1982-10-16,284.4739,285.25967,285.08237,285.14435,284.08435,283.49966,286.09692,283.34506,285.34674,281.94165,284.12427,285.3711,284.62903,285.17184,285.54343,283.47012,283.55328,284.4353,283.5729,285.51715,284.0767,284.3253,283.70187,284.66315,285.5582,285.287,284.1318,286.37994,284.89374,284.54846
1594,1982-11-16,282.1294,282.07593,282.90842,281.13403,281.58395,282.19968,284.26984,281.2963,282.36035,281.36914,281.82275,282.4042,281.42792,280.83765,282.4372,281.77142,282.3298,281.16794,280.118,281.39102,278.8281,282.0838,280.32315,280.95966,281.21484,283.4298,282.31073,282.79776,282.58334,280.63004
1595,1982-12-16,279.15457,280.84943,279.43143,279.18185,279.88522,280.10226,281.18387,275.4521,280.4456,279.9286,281.44614,279.06152,277.7337,278.84467,281.6074,277.78055,280.8576,278.25537,278.34363,279.15283,280.50287,277.46973,277.2198,280.97543,278.67648,278.6228,279.9447,282.12775,278.9139,280.4557
1596,1983-01-16,279.9476,280.3258,277.239,279.96027,276.16284,279.61465,276.40216,276.6754,278.0811,277.5741,279.38043,278.49942,278.641,280.1135,277.55106,279.53665,277.11404,278.1368,279.28613,278.20813,279.7394,277.31406,277.01883,279.9702,278.47034,280.48413,278.7214,279.13635,280.24493,280.83728
1597,1983-02-15,281.71915,279.95456,276.581,280.23074,278.69687,278.96686,280.12366,277.36084,278.25018,279.34033,279.5418,279.89435,280.03424,281.4271,280.07248,275.98618,278.0235,276.2757,278.64163,277.4323,280.305,279.19156,277.9952,278.5313,279.5429,278.59308,278.44885,276.64386,280.173,278.26144
1598,1983-03-16,282.0505,281.53238,278.84393,280.66556,280.85706,279.2795,279.44614,279.55844,278.7117,280.0817,281.25366,279.4221,279.70764,281.54388,282.59485,281.30386,278.60382,280.56717,282.0942,278.6007,281.71555,278.72644,280.3857,278.72098,279.93594,278.85303,279.67932,280.62558,275.67526,280.32138
1599,1983-04-16,282.6817,282.1261,280.4716,281.30313,281.54477,280.7709,282.58728,280.58768,278.69965,282.2094,282.57397,283.05154,280.79123,283.6948,282.34195,283.13382,281.58804,280.75897,279.09445,280.51343,282.39145,280.49374,282.9861,278.98752,279.62686,281.37476,283.06845,282.8187,278.31104,283.0892
1600,1983-05-16,283.72278,285.71518,284.59775,283.9074,284.45917,283.80737,285.4757,284.24765,282.55087,283.64752,285.9731,284.0993,285.37305,285.20715,287.2278,282.93945,282.86853,283.1211,283.96518,284.01523,283.13074,283.18707,284.87842,283.49188,284.33844,284.3555,283.75198,283.3744,283.05734,285.0228
1601,1983-06-16,286.34796,286.8782,288.32883,287.97598,286.47855,285.36188,286.54572,288.18057,285.5574,286.72968,288.8278,286.62537,286.9905,287.28214,288.6673,286.4464,286.34476,284.9947,287.05148,289.17712,287.12866,286.07718,286.0048,286.6523,287.4977,285.50256,287.7825,287.19595,286.13345,286.6517
1602,1983-07-16,287.52032,289.78738,290.69678,288.6035,289.0922,287.84927,288.27808,288.45605,286.08588,289.9519,289.16394,288.17392,289.2121,288.39685,287.79874,288.22012,290.73175,286.71075,288.1809,289.82938,288.5656,288.14206,288.36703,287.10013,289.3282,288.52664,287.7473,287.16772,287.17084,287.45587
1603,1983-08-16,289.05447,290.00766,289.49203,290.31003,288.21854,288.94534,287.2429,288.492,287.61176,289.93524,289.79462,288.9686,288.09247,288.45444,290.5723,289.0327,289.0311,287.57236,287.56985,288.51468,289.09946,287.56674,289.12906,288.27197,289.92548,289.93542,287.70145,289.8248,288.10413,290.34796
1604,1983-09-16,285.96054,287.3603,288.55957,287.6276,286.28265,287.91226,286.37024,287.89267,287.27548,285.8673,287.8191,288.6614,286.5578,287.1307,287.05414,287.54514,287.36322,285.64767,286.3383,287.18878,286.08316,287.61426,286.04407,286.85043,288.25925,287.63837,286.11218,286.90555,287.41977,287.01474
1605,1983-10-16,283.02115,283.26382,282.99377,283.57043,285.03687,283.4892,285.60367,284.8285,285.4544,284.62048,285.94525,285.9209,284.08414,286.50925,282.91666,284.2486,283.5679,285.0799,283.65872,283.54846,283.82327,283.93704,283.91495,283.61414,283.10095,284.99133,285.1227,283.80573,284.19934,283.85806
1606,1983-11-16,279.7109,281.5158,282.18173,279.27454,281.35718,279.9282,281.2698,280.52112,282.17612,282.7107,282.4134,282.2004,283.58975,282.8467,281.60248,282.54465,283.94876,280.8845,282.36612,280.0022,282.95743,282.2181,282.58157,281.8181,280.28662,284.27353,282.52676,282.04974,281.86978,283.98074
1607,1983-12-16,281.44424,280.1633,282.40256,278.9518,280.45663,280.61514,279.978,278.63495,278.8073,276.83978,282.10004,279.9766,280.05722,281.08322,279.9864,280.038,279.13794,282.15524,279.10626,279.05542,280.95047,278.5951,279.22272,277.75055,278.00647,279.86914,279.72482,279.93546,279.1778,279.8834
1608,1984-01-16,278.83453,277.9354,280.146,275.23898,279.76123,277.9731,275.515,278.0116,279.62598,278.48737,277.8067,278.73282,277.79956,279.64172,278.85632,278.9224,278.18134,279.29596,278.54852,279.33148,280.48334,280.14438,277.3504,278.82278,280.22278,279.62442,280.19656,279.75278,279.3182,279.70837
1609,1984-02-15,278.79437,279.6947,279.7915,279.13693,279.17328,278.74576,279.8341,277.57343,280.1046,276.00046,274.5982,279.9725,278.39117,279.36618,278.92548,279.88016,277.08557,278.77274,278.74506,279.74414,280.72397,279.73438,278.80472,280.01328,280.91165,278.61414,278.52917,279.21133,280.33472,276.61264
1610,1984-03-16,280.09055,281.26913,280.63757,279.4111,279.32193,280.30887,278.33545,278.2857,279.44086,278.54773,279.2646,279.86523,274.853,281.35477,279.87018,281.26538,276.51324,279.80212,277.90546,280.18723,281.9506,280.63077,278.0906,280.46902,281.21533,279.73895,279.2249,278.94287,279.39066,279.25076
1611,1984-04-16,281.18066,282.40256,283.117,282.9097,282.0228,282.49078,280.80087,280.66693,281.40082,282.1467,282.6763,281.8029,279.73926,282.0291,281.73895,283.30704,280.33102,280.43085,281.3912,282.48193,285.2214,282.23227,282.0989,281.462,281.9585,282.40115,280.525,280.39725,281.5445,279.1313
1612,1984-05-16,285.59964,284.0393,284.2871,283.09122,283.47766,284.53824,286.10956,283.11542,283.68256,283.5161,284.82092,284.20224,281.96207,285.7666,283.93866,284.16364,284.81607,284.95358,283.6445,284.41455,284.24454,284.94836,283.1622,285.24182,284.698,284.69632,283.94308,283.79062,282.38217,284.4127
1613,1984-06-16,289.50735,286.93924,286.4115,287.8601,287.80383,287.1124,286.48663,285.82327,286.83514,287.01508,287.2821,287.08743,287.03366,286.548,287.51297,286.37357,289.06894,286.17334,285.12952,287.87698,285.65475,287.0178,287.65906,286.44156,288.11234,287.6151,285.24002,286.66736,287.3685,285.55002
1614,1984-07-16,288.99448,287.79312,287.64517,287.59076,288.3122,287.91022,288.70743,288.12885,288.37134,287.47635,289.03302,287.2529,289.30353,290.1495,288.39752,289.63217,287.47845,290.42514,287.67258,288.68176,288.28473,289.38495,289.44504,290.49942,288.2276,288.47733,287.7943,289.30527,289.52966,288.76038
1615,1984-08-16,290.3198,287.22272,290.63766,287.33292,288.8922,287.87695,290.84296,288.557,289.01254,286.82587,289.8175,288.09177,288.87668,288.98776,288.23138,290.07083,289.37845,288.56894,287.9148,291.4694,290.66614,288.18942,288.18387,289.2995,288.44354,289.4669,288.1255,289.49405,289.5992,289.4687
1616,1984-09-16,286.5793,285.99374,288.23502,286.9543,287.3505,286.9512,286.7177,288.90497,287.65146,286.60132,287.18747,285.7907,288.22458,287.35886,287.54138,287.5864,287.18698,287.47183,287.99585,287.89526,287.3218,288.04068,286.47214,287.19556,288.4346,285.7132,289.182,288.96423,288.48062,287.24692
1617,1984-10-16,285.3602,284.2069,285.1857,283.14777,284.93515,283.91257,284.72073,283.78455,284.92978,282.94354,286.30728,284.476,284.19217,285.23068,284.12494,285.79788,284.081,283.86935,285.84308,283.13058,283.03122,284.8628,285.2036,283.92078,284.9284,283.01468,284.35873,284.6085,284.56293,283.26074
1618,1984-11-16,281.60843,283.7601,282.3473,282.6306,283.0616,282.81882,281.8502,281.3818,281.82187,280.07977,283.2057,282.90665,281.32312,282.7646,282.95276,280.93555,282.44336,283.15485,283.2652,281.19775,281.11115,279.2915,281.24896,281.29907,281.19016,281.9384,281.98233,280.1289,281.87778,282.34793
1619,1984-12-16,279.45343,281.1116,278.93448,277.78177,281.6963,281.78915,281.96884,279.3907,281.2589,278.49957,281.6488,279.60437,280.05563,276.41864,280.12662,281.6851,280.55292,280.84344,280.18103,278.81192,279.3174,278.9014,277.92484,280.0505,277.6641,276.8808,280.24387,281.7681,279.94556,278.67957
1620,1985-01-16,276.07068,279.49335,280.4627,279.439,278.49402,279.9203,279.28336,280.16525,279.84735,279.8295,278.43134,278.71262,279.25092,277.05194,279.60388,278.57642,275.30838,278.4655,278.43463,275.13113,279.36133,278.59268,277.01483,279.64194,278.81198,278.47113,280.88092,281.09213,278.17184,276.9928
1621,1985-02-15,279.88943,279.87366,280.68875,278.18405,277.79575,279.7505,279.18674,279.12527,280.58206,278.71118,278.17072,278.00693,280.56445,276.81973,278.18732,280.00888,271.21942,278.93875,278.69193,276.40375,275.14664,278.67896,276.90472,279.00427,278.93457,275.76364,279.93744,279.70755,276.5148,279.15167
1622,1985-03-16,280.42645,279.8552,282.21658,278.2932,280.1853,280.84512,279.35065,278.507,278.3956,278.57886,279.7001,280.07938,280.46786,278.68213,281.32153,281.10437,277.6333,277.4571,280.91257,279.38593,276.29526,281.60733,280.01035,280.10565,281.55707,279.70856,280.23846,280.1771,279.0636,280.54614
1623,1985-04-16,282.2276,282.7858,282.96643,279.9079,283.04605,282.33206,279.76453,282.29712,281.70407,280.7019,282.20874,283.07037,282.21805,281.01877,282.05698,283.33234,282.2499,280.72183,280.96164,278.11966,276.28662,282.67923,282.15805,282.73218,282.52747,281.62857,281.27896,282.54248,280.33157,281.72113
1624,1985-05-16,283.7639,285.2064,285.3496,283.56546,284.62988,284.5439,284.17966,284.51126,285.1464,282.50064,286.89008,284.86377,284.7719,284.06964,283.7446,285.8936,284.3266,283.45584,284.22675,283.03842,281.48465,286.08942,284.52368,284.7602,286.29956,284.59262,283.4992,283.40164,282.30676,284.00888
1625,1985-06-16,286.6724,288.1347,287.64807,285.33383,287.96292,287.8806,287.43906,286.11115,288.32803,285.71805,288.98102,286.80673,284.97278,287.63208,286.34723,289.04434,288.02438,286.83737,286.1303,286.5954,286.17273,289.07074,287.08182,287.23294,290.08447,287.02118,287.6335,287.96213,287.23138,286.15283
1626,1985-07-16,288.91406,288.44516,288.05182,288.21906,288.22876,288.4966,288.53827,287.34042,288.50513,285.44693,289.6529,288.6123,288.9825,289.50272,287.36346,290.3197,289.63882,287.92126,289.37253,288.42197,286.9062,288.26685,289.32224,289.16867,288.4443,287.6778,289.20462,289.58408,287.5021,288.01892
1627,1985-08-16,289.7591,289.42123,289.25073,287.56946,289.39227,289.47488,290.17282,287.78738,290.92575,286.78387,288.99762,288.96082,288.2981,290.1412,288.31564,288.28635,289.2014,287.93768,288.88794,289.14273,287.82404,288.16614,289.6187,289.41766,288.32935,288.6665,290.20654,289.19138,288.64224,288.74295
1628,1985-09-16,288.68048,287.68942,287.41214,287.2697,286.72583,288.23605,287.7299,286.19565,288.0025,285.1475,286.38657,288.45453,285.9616,289.14337,286.6888,285.23462,287.0737,287.0033,287.51624,287.2213,287.72675,288.0861,288.11786,287.2467,288.13223,287.9557,287.7029,286.01013,288.3164,286.71683
1629,1985-10-16,285.31104,284.8695,282.9429,286.86823,285.9236,286.06357,284.22955,285.38422,285.50644,284.70273,283.9382,282.4071,283.78076,286.68042,285.9192,282.72458,285.01126,284.77243,284.0446,285.32245,285.3351,286.2083,284.6406,283.95465,283.814,284.58893,285.7162,284.71793,284.96518,283.95322
1630,1985-11-16,281.73428,281.1021,281.6843,282.869,281.1918,282.2026,281.13498,281.88226,282.59708,281.96692,282.14374,283.18588,283.28003,284.43204,281.41846,282.48343,281.42874,281.0983,280.26743,280.66937,280.95612,283.03842,284.15497,280.53638,282.5481,280.66397,283.6226,281.43445,282.7398,281.16202
1631,1985-12-16,279.38644,278.80258,279.4191,277.65637,280.2534,280.46576,279.25153,279.69244,282.48407,280.62207,279.02344,279.88892,281.736,280.22006,280.99124,278.87204,279.91803,278.78958,278.67935,280.18283,280.70648,280.9436,280.52835,278.78815,281.62402,279.37943,278.50278,280.64667,281.25107,277.83847
1632,1986-01-16,276.7778,280.56262,278.276,279.2218,279.62503,278.6929,277.60602,279.2415,279.87973,278.63895,278.7074,278.88614,279.40973,278.8342,280.1593,279.11874,277.73608,276.30978,277.78397,280.1083,278.93677,279.63483,277.50037,279.0632,279.2935,278.85587,277.1243,280.0642,279.0142,276.461
1633,1986-02-15,275.7853,280.84235,279.64087,276.8374,278.66254,279.9014,279.19376,281.00012,278.19904,280.13553,280.31863,278.12213,280.93527,279.11835,282.05713,276.6072,280.0948,276.26443,275.08035,277.09097,278.44016,279.39197,279.11182,279.5027,278.34503,280.25632,275.955,280.60324,279.70685,276.2454
1634,1986-03-16,278.50272,281.2197,280.1382,275.74512,279.97845,279.71475,279.49506,281.21597,280.11118,281.26065,278.5385,281.03876,280.372,280.3762,280.52084,279.34216,281.50146,273.70035,280.888,277.47083,278.93417,278.53992,280.3884,279.773,281.61234,281.02838,279.3507,282.04883,278.78165,274.78003
1635,1986-04-16,281.5016,283.1513,282.071,279.9307,279.90344,282.622,282.2683,283.21732,282.5146,282.76483,282.55435,282.85376,280.9535,281.4919,280.0965,280.73276,282.0995,280.47604,283.0603,278.92725,280.4244,281.06512,281.97,281.55188,282.70786,280.29846,281.7727,283.24155,282.928,280.44553
1636,1986-05-16,285.46097,284.76083,283.4177,283.1043,283.35846,284.88394,283.7976,286.5226,284.59625,284.8793,283.90485,287.28946,285.2929,283.9875,282.00262,285.11447,284.40002,286.2084,284.24722,284.8367,284.35822,284.52014,285.68985,283.40112,286.07233,283.51056,282.86432,283.32986,285.43976,282.92752
1637,1986-06-16,286.7684,287.4134,287.3015,286.96045,288.2376,287.93558,286.98935,287.12793,287.33408,287.58167,287.34323,286.9836,287.65527,286.3623,286.23795,285.7563,287.0701,288.4812,287.10275,287.12012,287.8659,287.2572,287.93744,286.648,288.40253,285.38797,287.07898,287.42343,288.2842,287.1917
1638,1986-07-16,288.51572,290.77887,287.28488,288.07272,288.06445,287.9105,290.0545,288.54465,287.9301,289.7847,288.31842,288.32104,289.3591,288.01163,288.76022,286.70737,288.83395,287.883,287.68988,289.53568,288.59897,288.26193,289.4569,288.50836,291.20078,288.4002,289.5339,288.8557,289.72238,288.14505
1639,1986-08-16,288.06754,288.00354,288.79517,288.95367,288.6222,288.10535,289.44742,288.69232,287.9971,288.69675,288.28043,288.42526,289.59628,288.48505,288.57086,287.9861,289.2038,288.9165,288.7066,288.8291,288.59274,289.47803,287.7,288.70224,290.88828,289.19608,290.02774,287.8798,289.00565,288.66528
1640,1986-09-16,287.4589,286.0998,288.03897,287.51477,287.66956,287.86868,288.8032,287.41412,286.54095,286.09756,286.7081,288.1304,288.8535,288.09607,286.05817,286.72357,286.9462,287.5764,287.3504,287.91202,286.41284,288.40277,286.8893,286.2095,288.83414,288.40884,287.96103,286.2149,288.23737,285.92407
1641,1986-10-16,284.97516,284.7256,284.3891,285.6477,284.39542,285.9887,284.52493,285.51932,284.77304,283.88654,285.4588,285.24625,284.54156,284.98486,284.12936,283.6681,284.6714,284.7234,282.53162,285.12775,284.89072,284.03738,284.5714,285.47,286.47318,286.74753,285.3812,285.68582,285.1676,285.52496
1642,1986-11-16,282.42215,281.27545,281.49933,279.8527,281.39478,281.07346,281.06906,280.9637,282.44965,280.68018,281.924,281.07465,282.3085,281.744,282.17706,282.6489,283.01553,282.30914,281.71442,279.51056,281.69037,281.18234,280.58032,282.35797,281.93494,283.27542,279.1233,281.24377,282.09457,283.2327
1643,1986-12-16,281.71436,280.23737,279.10406,280.72504,278.01828,278.0895,279.706,280.74365,280.4956,280.61526,278.53204,278.4821,279.50876,281.5782,279.12265,280.58896,280.94812,280.14926,279.3755,280.74374,281.05743,279.58667,280.08047,281.24536,280.1375,281.78604,280.22498,279.38113,280.1897,280.648
1644,1987-01-16,279.56046,278.94116,275.42352,278.15967,279.05023,279.11328,278.47397,279.11334,278.7725,279.095,278.6526,277.56235,272.05914,280.0333,280.28244,277.52292,277.80353,279.4122,279.00665,280.66687,279.1235,279.15247,281.26538,279.53693,279.42227,280.6471,278.1895,280.15186,279.87366,278.528
1645,1987-02-15,278.59125,277.24393,278.50034,278.62912,280.8271,277.1304,279.15903,278.97662,277.97736,277.24216,277.62238,276.837,276.92285,281.32343,278.59854,277.15308,279.16138,281.44925,278.35843,279.78088,280.48587,278.34607,279.33295,279.21176,280.46878,281.2735,280.08282,277.79706,278.3681,277.79373
1646,1987-03-16,279.89618,277.2307,281.06998,280.11136,280.95148,279.33694,280.3588,280.7833,281.06265,275.146,280.36548,279.9953,276.88113,280.82602,276.10043,278.3129,281.57736,280.53455,279.57367,279.08774,282.02954,278.65417,280.65985,280.60947,282.07086,278.1835,280.14008,278.67853,278.92984,278.7029
1647,1987-04-16,282.10617,279.8388,279.54144,281.014,282.52066,280.898,282.09778,280.23972,281.08167,282.05902,281.51025,279.78442,278.99936,282.4,278.88757,281.33823,283.45212,281.3642,281.51892,283.53482,282.0367,280.51932,281.9597,280.5695,281.77396,282.961,283.077,280.69012,281.84723,283.33908
1648,1987-05-16,283.37198,283.38452,283.4885,283.58142,284.70676,285.10913,282.89206,283.10486,284.01865,283.24258,284.1599,285.75885,281.88867,282.91202,283.7491,285.6249,284.9874,283.87762,283.10617,284.13058,286.11542,282.73898,284.5772,284.2601,283.7231,284.97568,285.6335,283.83652,284.71268,284.37973
1649,1987-06-16,288.20013,285.1457,287.6153,286.48605,288.20877,285.90317,287.20047,285.8269,288.443,286.2595,286.21573,287.06943,284.53625,286.62613,288.4769,286.40326,287.2006,287.73657,286.72076,288.12283,286.61353,286.90485,286.5943,287.82632,285.38074,287.24854,287.01816,287.87024,286.55435,288.4068
1650,1987-07-16,288.7105,286.5036,287.76547,287.37634,288.45273,287.9422,289.21848,286.82874,291.0858,287.41092,287.87836,286.8912,287.1403,289.8939,286.55753,289.2175,290.82117,287.06705,289.32834,291.87335,289.1764,289.16333,287.6059,286.79678,289.60715,290.2134,290.35428,289.02185,287.07452,287.44968
1651,1987-08-16,286.41302,288.48425,289.4408,288.32623,289.51395,288.57526,287.6047,287.50406,289.14587,289.86664,289.15988,288.42465,287.2021,289.87958,287.46985,288.3739,289.5271,288.137,289.00473,290.716,287.91165,288.92694,289.05884,288.6238,288.12482,289.58173,288.9537,289.20242,288.12396,288.2501
1652,1987-09-16,285.85968,288.19424,286.73935,287.2257,287.30087,287.52673,287.99808,286.38867,287.3308,287.24686,288.7459,287.6583,285.33755,287.0618,287.6976,285.78476,287.3119,286.0895,287.78268,288.32028,286.6683,288.2634,286.57742,288.6244,288.82434,288.43164,288.8562,287.89517,288.35852,287.35495
1653,1987-10-16,285.12216,286.13156,285.3304,284.58923,284.93973,284.50644,285.74316,285.3025,285.1668,284.23917,283.3156,284.40732,282.2485,283.98184,285.79968,284.84763,284.9758,285.6743,285.05136,285.4685,284.00726,285.31775,285.1935,286.58484,284.63287,285.58487,286.01413,286.21835,285.2674,283.28986
1654,1987-11-16,281.48193,281.99533,283.29352,279.97647,281.35886,281.82053,281.8506,278.8418,280.54782,281.59216,280.44894,283.06863,281.72632,280.25983,280.9871,280.64465,282.02243,280.91702,280.4678,282.06793,282.38474,282.4272,281.32678,283.31024,283.13638,281.2044,284.13324,282.91547,282.43704,281.65475
1655,1987-12-16,280.59763,279.7357,281.03363,280.33585,279.3624,279.97516,280.69397,280.5355,279.8007,277.91946,279.89508,280.42413,278.61902,279.2719,278.62186,278.68628,278.14615,278.84497,280.73038,280.63477,278.7343,279.47247,281.8474,280.80017,279.72296,278.68857,281.07806,278.75534,279.59207,281.1574
1656,1988-01-16,279.85876,280.2963,281.12302,281.63507,279.2548,275.03616,279.22464,278.95532,278.2433,277.80508,277.4393,278.63144,280.43732,275.7886,277.65942,278.61307,273.8522,278.71695,281.20554,279.0798,278.77136,279.39688,279.9857,276.7157,280.02264,278.74683,280.5537,279.1722,280.18344,279.3534
1657,1988-02-15,277.6756,279.04556,281.39835,278.809,280.15332,279.68002,280.08957,278.6808,279.31223,278.21805,278.03564,279.14197,276.97958,279.40762,277.64053,277.42642,279.10095,279.15482,280.61563,277.20874,278.95996,280.00058,280.44495,278.77515,280.5982,280.42355,277.85013,278.36462,277.4177,278.83896
1658,1988-03-16,280.04526,278.3339,281.292,278.96036,280.09793,278.14838,281.72543,278.53076,278.36783,279.71512,279.76752,279.26367,276.64655,277.63974,275.994,280.81406,278.63327,281.1276,279.34866,279.56583,279.64786,280.75464,279.37646,280.92865,279.75116,280.0638,279.32443,280.88593,278.05875,281.53333
1659,1988-04-16,281.4978,280.26886,282.1482,280.7876,282.88165,280.02075,279.77463,282.42798,281.69083,281.78275,278.59518,281.20087,280.49094,281.72952,280.19003,283.22696,282.32007,281.3634,280.6293,280.80295,282.13867,281.2961,281.8407,282.4675,283.0712,282.76172,281.20068,282.92694,281.77908,281.8401
1660,1988-05-16,284.8106,283.5395,285.32977,283.2754,286.0553,283.70532,282.96497,283.37387,285.2725,284.70828,282.27042,283.0689,283.5286,284.42035,283.4603,286.55487,284.93585,284.45483,283.18692,283.4962,284.83832,284.9238,282.98352,285.64227,286.4266,284.55826,284.18887,284.75522,284.04706,283.8408
1661,1988-06-16,287.97256,288.61188,288.86685,285.43918,288.5487,285.82245,287.1816,287.14676,288.13727,287.55716,286.8271,286.8087,287.73926,288.20142,288.7739,286.7916,287.6431,286.34958,286.828,285.9912,287.27847,287.41748,287.45792,287.62918,288.5345,286.57776,288.63922,286.39624,286.2515,289.00024
1662,1988-07-16,287.58075,288.623,289.19696,286.78568,288.69632,287.1338,287.9114,289.01572,289.50983,286.73605,287.5506,288.65714,287.99194,289.3663,289.21878,289.8347,288.6036,288.77838,287.8422,287.85147,287.70422,288.73825,288.64258,288.9496,289.97495,288.20874,288.4224,287.27414,289.12247,288.61148
1663,1988-08-16,288.44867,291.31232,287.75693,287.38974,287.7035,288.23917,288.1825,289.03262,288.38043,288.21732,287.62708,289.22495,288.25955,289.067,289.7683,289.47864,289.0336,288.09628,288.9057,288.2362,290.16116,288.9572,289.51968,288.4339,289.08432,288.2224,289.20514,288.7789,290.18997,289.05292
1664,1988-09-16,288.7414,289.39172,287.669,286.67078,285.92938,287.22302,287.08374,286.66718,287.93762,286.93588,288.1475,287.78812,287.5941,286.9415,288.2315,287.51953,287.8868,287.56308,287.8178,287.28375,286.96204,286.42825,287.63016,287.00174,288.34763,287.83096,286.92316,287.1554,289.0082,287.09042
1665,1988-10-16,285.6664,285.0851,284.9416,284.5579,283.76093,283.6876,282.44263,284.70932,283.81985,284.06183,283.35623,282.9128,285.13333,285.30267,285.84723,283.40198,286.19498,282.4113,283.0999,286.32062,284.9704,284.92908,284.9689,284.2017,286.89856,286.38077,285.09808,285.55316,285.37408,284.3232
1666,1988-11-16,282.06165,280.64203,280.6608,282.09158,281.65845,283.0422,281.04077,281.8599,283.25888,280.32965,280.5926,280.59158,283.00995,281.40622,281.20923,280.2241,282.20654,280.39398,280.48553,282.8821,282.65616,280.0553,282.36682,282.55,281.83807,281.19736,283.1393,280.9414,280.8842,283.01953
1667,1988-12-16,280.92877,280.97394,280.40134,279.9216,277.79483,280.7475,279.70416,280.42783,280.2277,279.64743,278.87482,280.95,280.13284,280.58102,279.67136,278.62534,280.12064,281.2286,280.71338,279.91177,279.7281,277.45242,280.34863,280.74646,279.216,278.762,280.47675,278.6394,280.38333,280.5308
1668,1989-01-16,280.27438,280.11224,279.97363,279.69983,277.5769,280.91693,280.1962,279.8909,280.6462,279.052,277.00546,277.66068,278.85376,280.25092,276.82663,278.82187,281.52365,279.6094,278.58865,280.5859,278.61374,278.69928,278.38617,279.74283,280.4397,280.0768,279.70117,277.58945,280.7766,280.98764
1669,1989-02-15,278.50192,277.12393,279.80472,280.4249,279.6268,279.73978,277.9487,281.07422,277.60214,279.24066,275.80167,279.39175,279.43265,280.54602,279.54684,279.81366,279.05923,280.13953,278.8354,278.64832,279.42276,275.5658,279.06644,279.42,280.726,280.36786,281.287,280.63373,278.53296,280.18524
1670,1989-03-16,279.0135,279.608,279.8743,281.1089,281.33514,281.8951,280.27643,280.86395,278.69766,279.35968,278.63812,279.41168,279.98215,282.16388,281.17105,281.7952,281.0424,279.78885,280.95767,281.1143,278.74048,278.09433,276.94135,282.1307,283.3867,281.69135,281.38278,281.2064,280.31985,281.13443
1671,1989-04-16,281.49588,281.6405,280.36002,279.28708,282.5334,281.84656,282.1437,280.63205,281.36853,280.97205,281.30334,281.71622,281.57428,284.03918,282.99384,283.2433,282.51196,281.93365,282.32404,280.97104,280.34775,280.56738,280.8584,284.43643,284.18744,282.99332,283.42764,282.1844,282.0689,282.8538
1672,1989-05-16,284.5499,282.7682,283.967,283.5701,284.95547,285.25443,283.04688,282.90976,284.9075,283.6717,285.1211,282.67114,284.3414,284.34442,284.27118,284.8936,284.32538,283.4487,284.50845,283.31857,281.35745,282.75656,283.09265,285.54794,285.1312,285.08066,284.1986,283.44815,282.96222,283.6072
1673,1989-06-16,285.8424,286.72037,287.52426,285.58182,287.51685,288.1133,287.76718,286.365,285.42554,286.0174,285.75073,286.22296,285.48517,287.5625,287.356,288.01913,288.75027,287.14185,288.88458,286.53607,285.2439,285.278,286.6618,287.77005,288.26468,289.00818,287.9466,288.07925,288.79565,286.29034
1674,1989-07-16,287.29483,289.8476,287.07324,287.3085,289.24353,287.24478,288.908,286.73245,287.18808,287.62054,287.86432,287.31372,289.7553,289.12723,289.28757,289.81274,288.13303,287.79053,287.9222,287.89374,289.4216,289.35294,288.68176,288.42517,291.0567,290.26022,289.91476,288.55023,289.8505,287.64407
1675,1989-08-16,288.43805,289.0653,288.85736,285.9944,288.60254,290.71115,289.39276,287.72873,287.80798,288.31915,288.08295,290.0412,288.42465,289.25778,290.82178,288.74234,289.12158,288.93362,287.81747,290.17813,289.12357,289.2213,288.94736,287.42792,290.0393,287.9771,288.07907,288.3869,289.41202,288.46112
1676,1989-09-16,287.88345,288.39078,288.43625,286.22406,286.5418,287.78494,287.5964,288.55856,287.45096,288.41623,286.99066,287.84363,286.15265,289.90012,287.45898,286.86996,287.71536,286.18375,286.43665,287.54733,286.6099,287.75366,288.3666,288.58804,288.27023,287.09064,287.5108,286.5899,286.87848,288.2092
1677,1989-10-16,285.5884,286.3048,284.44052,285.15927,285.223,284.9866,284.6896,285.2825,284.11563,284.6587,286.24298,285.66837,284.53577,285.54636,284.93817,284.90012,285.6394,285.2153,284.8604,286.32468,283.7713,284.4069,284.72412,285.22897,284.99808,283.70023,281.94992,282.40546,283.11197,285.03055
1678,1989-11-16,282.45444,281.2388,281.08835,281.8197,282.32214,283.43448,281.27148,283.19382,280.97437,281.2915,283.11728,280.61444,282.28738,283.8339,281.26004,283.6291,282.50632,282.6403,281.04108,283.17438,283.26993,280.84628,281.46512,281.47836,283.4193,284.45514,281.7193,282.40588,280.00546,281.89813
1679,1989-12-16,280.61017,281.07913,280.3197,278.44116,279.77805,282.15152,280.6593,279.8719,278.6806,278.85797,282.2558,279.2806,281.6266,281.2744,280.5582,281.52734,281.39026,277.27213,281.63434,276.24753,280.40555,278.71304,279.8838,282.1689,281.28983,278.02365,276.06754,280.03134,280.7485,280.96652
1680,1990-01-16,279.20007,278.4584,277.18488,273.77332,279.33545,280.8113,279.5692,281.59015,278.14767,277.66937,279.3448,277.31906,280.20007,280.8201,280.17532,279.2933,280.39413,276.98434,279.87653,277.21167,279.87518,278.63995,280.2846,276.1511,280.98224,278.69443,274.63806,277.76917,277.66028,278.209
1681,1990-02-15,280.8069,279.89636,277.3118,277.24304,275.56323,277.61035,279.8959,280.10284,276.58344,277.56366,279.7989,279.03268,279.94998,277.36868,280.9946,278.4722,279.8253,276.71442,280.12274,280.49142,279.11667,279.49228,279.16632,278.8362,277.4336,277.9507,275.70593,279.83255,277.34943,280.17453
1682,1990-03-16,281.803,280.01608,279.4787,279.94342,276.4756,282.13568,280.2407,280.62726,279.70715,277.09238,281.06873,277.8472,280.79608,279.9797,279.51578,281.27072,282.11475,277.56998,279.729,280.35767,281.02533,278.96292,278.42407,279.93506,281.50275,281.58102,280.6944,280.2801,277.45352,280.71194
1683,1990-04-16,282.5006,281.7092,281.0584,279.55457,282.3241,283.1529,281.62622,283.03156,282.72482,279.99777,281.9618,279.8665,282.57358,283.1872,282.8482,282.8909,281.93167,280.89304,281.40668,283.0827,282.89288,279.81754,281.5273,280.7727,282.56732,282.57947,281.94745,283.54376,281.04898,282.51108
1684,1990-05-16,286.77286,284.8047,284.98392,283.623,284.62988,284.18787,284.1197,285.02783,285.06345,284.2775,283.9865,283.75192,283.70932,284.34845,283.02664,283.0786,282.80045,282.88635,285.97897,284.72568,284.13116,283.50793,284.2695,283.21338,286.36377,283.09488,286.62616,285.82712,284.36142,284.96738
1685,1990-06-16,289.76492,288.95294,286.4342,285.95514,289.38898,285.99783,287.89804,285.5677,287.45007,284.81445,285.60266,287.432,287.87683,287.80005,287.24692,287.69678,288.29565,287.25848,286.30798,290.10904,288.15338,286.86047,286.41635,286.163,287.01013,286.9405,287.84372,287.19626,287.2406,287.61627
1686,1990-07-16,290.08405,286.86343,288.494,288.32257,289.78677,288.5062,288.12747,287.9178,288.0941,286.797,290.4193,289.7892,290.0323,289.50113,287.19043,289.02316,289.64267,288.65216,289.23746,290.79324,288.87103,288.1617,289.1513,286.7628,288.21753,287.29315,289.15598,289.21307,287.08844,289.03677
1687,1990-08-16,290.7376,288.5346,288.24335,289.72803,289.21884,289.3629,287.9209,289.4016,288.5646,286.96243,289.16946,289.65518,287.99222,291.1629,288.39792,288.65073,289.13745,290.80148,290.90027,289.5123,288.09882,287.5178,289.15775,288.78653,289.31723,289.42664,288.68088,288.99478,288.06302,289.0545
1688,1990-09-16,288.0515,287.96643,287.67737,288.22586,287.6237,287.9199,288.40274,288.88654,287.7086,286.34216,286.02466,288.4254,286.23538,287.71704,287.5333,288.9365,286.0396,287.89716,288.19165,287.33633,286.57336,288.4458,286.37234,287.4287,288.2681,288.23236,287.88068,288.12616,287.95203,285.9934
1689,1990-10-16,285.23795,284.783,283.882,284.9271,285.44678,283.76242,284.9224,286.33328,285.09848,283.4892,284.38736,285.17386,284.75317,285.67508,284.66348,284.4068,284.64584,284.91492,285.19574,285.1827,285.4411,285.87326,284.7068,284.38687,284.81418,285.25745,285.0764,284.69724,286.60864,284.43884
1690,1990-11-16,279.83417,282.14154,282.9737,281.82468,282.96182,283.3061,282.57562,281.7896,282.53918,281.26135,282.0976,283.33496,279.29486,280.99338,282.533,282.11932,281.50726,281.4391,283.2159,284.654,282.52823,279.7904,281.10168,282.22415,282.97226,283.07156,280.99765,283.41605,280.33783,283.5828
1691,1990-12-16,277.60846,280.08188,280.09348,278.21512,282.42697,280.44138,281.69946,278.97366,280.5938,279.63956,278.21182,279.0411,278.15964,281.22632,280.09296,281.4661,279.661,280.9221,281.27795,281.09244,279.9801,280.30334,278.806,280.00793,281.0113,278.6473,277.9614,281.18408,278.43472,282.76004
1692,1991-01-16,275.49783,280.76675,278.5404,278.67303,277.07483,281.20602,279.1781,279.8622,280.56107,279.85892,278.38342,279.8069,277.35498,280.04358,279.7501,279.92508,278.6272,276.78223,276.7683,281.23822,278.59787,279.1601,278.89496,279.11304,280.5555,278.49115,277.06192,277.0599,277.8456,281.11636
1693,1991-02-15,273.80664,282.37286,278.9451,279.3165,277.30307,280.68118,276.45334,280.42297,280.77148,277.35352,278.39145,280.01102,277.59277,279.65326,279.71912,279.35092,280.39447,278.3519,274.55112,281.11456,280.6401,277.87784,275.0457,281.05505,279.87347,276.86346,277.80313,271.7171,275.3191,280.6548
1694,1991-03-16,276.41135,281.782,280.9119,280.77588,281.09018,280.8763,280.57117,281.28766,280.97195,279.14438,281.38605,281.18372,279.31528,278.71133,279.8458,281.35028,279.21063,279.693,280.34644,278.8637,281.12662,281.93747,279.44302,280.93228,279.41864,280.0757,276.26596,278.32187,281.0146,281.33325
1695,1991-04-16,280.6323,281.5065,282.24146,281.3075,281.1784,281.42172,281.4186,283.54675,283.13068,282.1958,282.44305,280.62787,280.47076,281.45413,282.3656,281.46356,282.25186,282.32593,281.67365,283.3011,282.9563,281.98508,279.66885,281.129,281.22583,282.51004,282.47897,282.35764,282.74136,282.3435
1696,1991-05-16,282.3481,283.57898,285.2559,282.3316,284.80167,283.788,283.75443,285.55014,286.0439,282.41882,282.4686,285.5165,282.92175,286.58322,285.48172,284.96252,282.91406,284.99234,282.6,284.9018,282.58594,284.35922,284.58908,282.34912,284.0946,284.8215,285.85794,284.83826,282.5442,283.22632
1697,1991-06-16,286.63812,286.52505,286.61053,286.83078,288.49423,286.72278,287.19672,286.82507,288.25427,286.5639,288.4703,285.93707,286.28665,288.50635,285.86542,287.95615,286.21103,287.04135,288.29758,287.17764,286.54376,287.65753,286.66254,286.2801,289.0602,286.47913,286.66345,286.48294,285.8448,286.66925
1698,1991-07-16,289.08563,287.90625,288.14203,288.1775,289.6691,287.95166,287.8978,287.6517,290.1037,288.2904,288.30545,288.24292,287.99927,288.64133,286.74878,288.53168,289.664,289.03806,288.43903,287.6869,289.6473,289.89426,288.6265,288.5153,290.19235,289.36417,289.0829,288.24902,288.29382,288.8886
1699,1991-08-16,288.38412,289.39783,288.17413,288.3693,290.54538,289.74374,288.50613,288.98047,289.22705,288.11633,287.39752,288.09186,289.30573,290.66577,288.1536,289.5828,289.92514,288.64288,289.01123,288.51074,289.01163,291.2728,288.8805,288.44882,290.17633,289.6886,289.41742,289.45892,287.7922,290.40082
1700,1991-09-16,285.8872,287.44876,285.8304,286.73062,288.5674,287.5288,286.79117,288.42838,286.8955,288.30594,287.2576,287.23212,286.92056,289.97083,288.12122,287.7469,287.5239,287.7535,287.6558,287.48196,287.42508,289.36026,289.24173,287.9879,288.71802,287.86234,288.6563,286.58438,288.35382,288.2182
1701,1991-10-16,284.94315,282.2532,284.73212,284.42026,285.9191,283.8359,283.7238,283.44846,283.76266,285.27063,286.22958,284.9732,285.31006,286.0424,285.71024,285.56747,284.14136,283.21997,284.8062,285.1221,284.6126,283.6064,286.38382,284.47467,283.34174,284.42578,285.74155,284.71072,284.05368,285.79773
1702,1991-11-16,283.41238,280.73386,282.44876,282.57196,283.34518,280.70856,282.5145,284.4834,282.34274,280.92166,282.60992,282.24527,282.54932,283.88007,281.89856,281.78186,282.12082,282.0781,282.4678,282.17938,282.4862,282.4056,281.1926,281.4249,283.7651,281.78812,280.602,282.89258,282.6778,278.6465
1703,1991-12-16,279.32468,279.91077,280.68124,279.79706,280.18774,281.33093,280.82285,280.51532,278.67126,278.89212,281.86853,279.8787,281.1329,280.4537,280.93948,279.8919,279.9947,280.32645,280.48703,280.47568,280.80066,279.93115,279.818,279.28177,279.91382,280.75534,280.37183,279.17426,280.2773,278.64246
1704,1992-01-16,278.67624,274.957,277.81418,279.2548,280.22614,278.4368,279.07687,280.0702,279.1255,278.94467,281.64575,279.3866,278.95013,280.26785,277.8795,277.23523,279.5764,278.90732,280.18112,278.39175,278.52344,277.2018,280.51932,280.0233,279.3463,279.42865,279.1296,276.2747,279.87054,280.27667
1705,1992-02-15,280.35672,279.16943,279.63824,280.56235,279.6648,279.55914,279.63132,280.42923,278.04886,278.16092,280.32758,278.05386,277.56522,280.04044,278.73978,278.31976,277.44138,278.43552,280.78952,276.66223,279.32748,277.22897,279.0686,279.0302,278.9874,278.08755,277.90558,276.97556,278.63596,280.30804
1706,1992-03-16,280.3498,280.4903,280.42087,279.2242,281.16794,281.63965,278.76474,281.27725,276.42374,279.8352,280.21478,278.69302,277.37558,279.7412,280.65543,281.24847,277.15463,278.04376,280.43707,277.96594,278.30493,280.60492,279.4095,278.26102,279.45184,280.8876,278.87158,278.10577,280.95297,280.72025
1707,1992-04-16,281.29947,281.98654,283.32535,282.77444,282.62845,283.46228,279.45755,283.6781,279.06714,281.63782,282.33783,279.30612,280.50977,280.69382,283.49313,281.83554,281.27148,280.54236,282.60208,280.59384,280.5552,282.28986,282.8099,282.8831,281.26495,282.29562,282.00308,280.4464,281.5459,281.4461
1708,1992-05-16,287.57056,285.1906,285.8542,284.53015,284.41583,286.00623,282.91528,284.63794,283.07892,283.88324,285.779,285.805,281.15656,283.78418,284.0157,285.63766,283.64288,284.1509,283.53674,282.1401,283.7979,284.0079,283.77402,283.69003,284.99335,284.03214,283.53107,284.04242,283.815,283.70898
1709,1992-06-16,288.69553,287.96512,288.57516,286.2571,287.65088,288.69678,286.3048,287.01413,285.67526,286.7323,289.85574,286.63998,288.28894,288.48297,287.5488,287.03217,286.651,285.55118,284.48837,285.94016,286.0237,288.3249,286.99786,286.5449,287.90082,286.6916,287.44775,287.8668,287.74185,288.51144
1710,1992-07-16,289.2589,288.5181,289.25842,287.69022,289.15482,288.7214,288.59988,289.05624,288.66608,288.35025,288.50616,288.17877,288.87842,288.51868,287.6142,288.2982,288.1836,286.67935,290.05945,286.9067,289.07297,288.82562,289.65982,287.15326,289.35986,287.2952,287.03568,288.79593,287.59283,287.56903
1711,1992-08-16,288.47653,287.3617,287.9173,289.40775,289.17892,288.2267,288.11783,288.15555,288.62695,288.3862,288.67374,288.2685,288.4327,287.69165,288.26483,289.34653,290.06073,289.9512,291.5759,287.93408,290.0693,289.09692,290.246,289.03867,290.45255,289.3217,287.5584,288.68835,288.16608,289.2719
1712,1992-09-16,285.3487,285.9287,287.48526,287.34576,287.12143,285.76608,286.13412,286.99017,286.09903,286.49524,288.09604,286.18176,288.44583,288.36398,286.55576,287.1081,287.59366,286.98184,288.2461,284.72733,287.73856,287.08646,286.7464,287.28174,288.0561,287.54025,285.1726,287.26605,285.75458,287.17596
1713,1992-10-16,284.81775,284.68665,285.7431,283.92142,284.75128,284.20444,284.37552,284.36737,283.90848,284.9493,284.06512,284.81027,284.19055,283.3336,283.9478,284.02438,285.24875,285.28333,284.3368,283.78143,283.29807,284.6502,285.89914,285.5182,284.81732,284.01755,284.66238,283.25745,284.75244,284.75067
1714,1992-11-16,280.1132,281.10315,281.34616,280.96606,281.4892,283.8201,281.89758,281.60257,280.9582,280.89374,282.06284,281.49826,280.61688,280.02994,282.44473,281.69305,282.87436,281.68655,282.42117,277.5108,278.75027,282.682,282.28687,281.03363,282.8562,281.5899,281.94397,281.6591,281.12247,282.47714
1715,1992-12-16,280.59747,278.40878,279.78073,279.62177,279.96274,279.8059,280.4005,279.33444,277.21072,279.85562,279.85696,281.22955,281.05814,280.39685,278.7443,278.8452,280.02255,278.5854,279.82828,277.30112,281.68777,279.60187,278.44708,278.44843,277.39532,279.23602,280.63306,277.23062,280.45978,281.68332
1716,1993-01-16,279.1449,278.617,277.57428,278.19446,280.226,277.46487,279.42206,276.80554,278.98718,278.72925,277.8229,278.32324,280.43207,280.883,276.08652,276.8698,277.62988,279.44473,277.42703,280.14658,277.1115,279.85162,276.36252,279.3262,276.88593,278.4451,277.0792,276.89935,279.89563,279.89886
1717,1993-02-15,275.34003,279.32013,279.0476,279.03003,281.23053,277.67404,279.058,277.7878,278.68954,280.59134,279.0666,277.35077,278.88245,276.9962,278.7295,278.17334,277.83456,276.07825,279.78094,278.49625,276.91373,279.33313,280.63553,280.57788,274.6275,279.084,273.58557,277.45734,278.13727,280.1918
1718,1993-03-16,279.53915,280.6104,280.8865,279.93356,281.20468,279.30426,279.97684,278.26645,279.94885,280.1097,279.2079,280.39294,281.29895,272.1596,280.5455,280.001,280.20322,279.29474,279.41556,279.2084,278.5962,279.86398,280.60516,282.22006,279.96356,280.86227,278.47348,279.22644,281.8283,280.0606
1719,1993-04-16,281.48868,281.65118,281.81052,280.66547,282.54456,280.20377,279.342,280.76685,282.88794,280.93234,281.3042,282.47424,281.25546,280.81506,281.22482,281.1418,284.0507,282.9501,281.5684,280.97165,283.2715,281.0395,282.33853,280.92163,283.2208,280.48428,281.89307,282.06714,283.09882,283.45142
1720,1993-05-16,282.97934,284.77133,284.61722,284.0913,283.9148,283.104,284.61343,283.52756,283.81195,283.76166,284.08917,284.26428,288.04318,287.17026,284.56946,283.49994,285.45847,282.9399,284.89896,282.55917,285.08545,284.1518,284.9637,284.8741,283.58484,283.4611,284.17175,282.88995,286.25995,285.25974
1721,1993-06-16,286.6265,288.02518,286.50778,287.58575,287.88657,285.983,287.70117,286.17828,288.3111,288.4733,287.55853,286.98294,286.08014,285.6996,288.6329,285.14752,286.86496,288.26126,287.83377,286.79633,289.1399,286.9014,287.34848,289.9759,285.58057,287.0308,287.20148,286.0215,285.62238,285.97574
1722,1993-07-16,287.7441,287.33142,286.11786,289.63867,288.4158,288.41138,287.44437,287.43793,288.57968,287.5787,288.06696,287.0497,289.20813,288.63007,289.79437,288.06412,289.74557,289.02292,287.54523,289.1505,291.70483,290.20474,289.31186,288.97528,289.30734,289.6126,289.46335,287.74988,291.12143,289.28204
1723,1993-08-16,288.726,288.3871,288.32513,289.40363,288.8445,288.7399,288.2898,288.23453,287.4163,287.3492,289.9301,287.3447,291.064,288.8196,288.6508,287.6879,290.6207,288.65057,288.22308,287.9592,290.56796,287.94748,290.32373,289.3207,290.2406,289.0158,288.53568,289.12466,288.472,290.36975
1724,1993-09-16,286.78476,287.6393,288.11542,288.0335,288.1025,286.9984,285.9037,287.83838,288.13092,287.42627,288.73486,287.29462,288.5518,288.61368,287.47186,287.08548,286.9197,286.80658,287.67862,285.65244,288.31686,287.02518,289.48364,287.7756,285.86874,287.88968,289.0647,287.2467,287.55,288.88367
1725,1993-10-16,284.15155,284.48468,283.59372,286.24802,285.91473,285.05814,284.81342,284.3901,284.5394,284.59174,284.5111,282.86523,285.98248,284.48535,284.5386,284.98773,283.7105,285.56107,283.73175,284.10486,286.8815,284.1268,284.75204,284.80536,284.24814,283.40823,284.03806,284.10904,284.46954,285.4292
1726,1993-11-16,282.20218,280.47696,282.44336,282.58435,282.5968,282.8078,281.69568,282.3865,280.90778,281.89603,282.8698,282.04977,283.1619,281.29544,282.89197,280.40482,282.56723,283.09763,280.97287,283.99048,283.88336,284.38983,281.39487,281.11526,280.8349,281.65546,280.59625,280.03735,280.49554,280.9311
1727,1993-12-16,278.8704,276.54614,281.74918,279.02435,281.5078,278.31927,280.0951,281.44543,279.47632,279.62637,278.5053,278.8453,281.9285,279.5608,279.86926,278.02203,279.3031,279.90836,278.68204,280.85345,280.99902,279.977,277.53943,279.83752,281.58762,279.90265,278.57388,276.75122,279.25778,275.7583
1728,1994-01-16,279.6193,276.7341,278.37335,278.65054,280.8887,276.38196,278.2914,280.3356,278.27145,280.13495,278.8609,275.07126,279.91544,277.87802,279.37885,275.56256,276.92117,280.08463,277.53287,278.21844,280.00955,278.50162,278.29095,280.5971,276.62637,279.55524,280.0187,274.84445,279.68304,278.0473
1729,1994-02-15,279.15182,278.60092,278.32788,280.08694,278.27066,279.9787,281.31076,281.09158,273.30338,280.21536,278.39734,277.09906,280.23865,276.8936,277.54108,277.9672,279.3771,279.14548,276.86777,277.4994,280.28592,277.94876,279.28683,278.56998,274.90897,279.17502,276.4799,274.98694,279.21652,277.737
1730,1994-03-16,278.2495,277.82703,281.1111,280.605,278.699,281.78467,278.58032,281.1558,280.15744,280.71844,279.33725,281.16043,281.9208,279.50888,279.05637,278.55865,279.87634,281.85004,280.64066,279.08865,280.2363,279.3242,279.60132,279.74673,276.31766,279.74405,280.74582,279.27975,280.07187,280.22427
1731,1994-04-16,280.98413,278.39502,284.1871,281.77536,280.41397,280.08603,282.10806,280.33707,281.1588,281.40192,280.65918,282.48972,283.55713,283.26395,281.44028,282.98306,280.09985,283.62885,281.89685,282.79608,282.26382,281.5432,280.59995,279.1318,281.525,283.3573,280.69785,280.92773,281.27747,282.27042
1732,1994-05-16,284.24414,283.28995,283.75208,284.1313,283.8608,284.65683,283.6015,285.32913,283.22366,283.95508,285.2266,286.16342,286.81122,284.56854,284.19855,285.8369,285.34988,284.11044,285.43985,284.5731,283.5432,286.00494,285.90878,283.31082,283.65622,284.77368,284.98294,283.2425,284.4756,285.21967
1733,1994-06-16,286.80905,285.00443,285.71414,289.32925,288.19476,287.3797,288.19708,289.882,287.7829,287.06506,286.49234,287.47275,287.58286,286.701,285.7515,289.201,287.24225,288.45496,288.47577,289.3239,286.33722,286.9732,287.84348,287.93298,286.706,287.50815,286.0409,288.5847,286.31906,286.70575
1734,1994-07-16,290.10352,288.29803,288.20978,289.2696,291.1303,288.57358,290.29242,289.0027,288.8194,289.46875,287.68628,288.9606,289.16956,288.43997,289.43762,290.5344,288.23053,290.64954,288.24847,287.80984,288.7101,288.51047,291.23544,287.8412,288.0688,290.09247,288.21692,290.3085,289.42966,287.9783
1735,1994-08-16,290.43332,289.13083,288.5079,289.61517,288.04834,288.35916,290.5341,288.0518,288.94724,290.10043,287.35114,290.1034,290.18277,288.08832,289.71042,290.3366,289.3844,290.65683,289.0397,288.0739,289.3863,289.56525,289.28204,289.0355,289.7489,288.865,289.73938,288.67252,288.60684,289.1196
1736,1994-09-16,289.5604,289.37082,287.4457,289.0642,287.7347,289.32965,287.77216,288.62708,288.4594,285.73386,285.64392,287.0749,285.7513,287.6921,288.1166,287.54013,288.22333,287.51297,286.87845,286.9562,286.7112,287.01074,287.9169,288.49466,286.37326,287.76486,287.2659,288.55182,288.6166,286.1085
1737,1994-10-16,285.35397,285.8476,283.9884,284.66064,284.8328,285.99585,284.3246,286.3215,284.36343,282.75803,284.16983,283.27347,285.87582,285.03876,284.72534,284.66217,283.45673,285.61954,285.23428,284.9781,283.84433,283.94537,285.58777,284.96927,284.58914,284.46936,284.15707,284.09128,285.8362,283.47284
1738,1994-11-16,281.0345,283.58966,282.58823,281.07016,282.01926,281.13657,280.68665,283.1153,280.95618,280.6346,281.39233,282.5512,282.21896,282.07275,282.00174,282.03464,281.90796,283.10016,281.65277,283.23422,282.31485,280.97592,282.99506,282.32147,282.29288,281.74344,279.9493,280.74072,283.39716,282.78818
1739,1994-12-16,282.52692,281.18375,280.4767,280.85648,280.03723,280.35635,280.19275,282.6239,280.1733,279.0076,280.9934,280.48596,282.35898,278.43195,280.11172,281.12582,282.61667,281.4119,280.73315,280.57526,279.72696,280.28177,278.87427,279.31924,280.0018,281.38156,279.2917,281.29767,279.4581,276.6507
1740,1995-01-16,279.7859,277.93842,278.42432,280.47064,280.19073,279.52734,277.54947,280.57126,281.99084,279.12762,278.8059,278.79547,280.0784,278.71796,278.73697,279.38834,279.9104,279.94348,279.10074,277.07468,279.335,280.963,278.9799,278.49512,280.4338,281.1345,278.50174,276.5975,278.22238,272.96463
1741,1995-02-15,278.45593,280.69885,276.07776,279.80762,279.16394,281.694,279.36893,280.4037,277.8946,278.7846,278.58307,277.45413,281.2951,278.5866,277.62094,279.7376,279.9024,281.04248,279.30527,278.1649,277.45648,279.6565,278.78995,278.21054,281.68716,280.3916,279.2912,279.3703,278.93954,274.4613
1742,1995-03-16,280.06918,280.84882,277.73734,279.24344,280.34888,278.8351,279.68912,280.6181,279.38733,279.2451,279.35114,278.66318,279.0579,278.38083,279.34512,279.89517,279.46796,279.50912,279.59393,279.31265,278.58865,281.0593,279.71243,279.82098,279.484,281.38474,280.5369,279.10773,279.98715,277.13458
1743,1995-04-16,280.97388,281.9235,278.1202,283.46146,282.49606,282.19345,281.75284,282.8449,283.18787,282.82495,281.01752,280.7018,278.9378,281.39777,283.4522,283.6443,281.18756,280.74667,282.1713,281.18225,280.06693,280.5692,281.59827,281.554,281.27466,283.33447,282.68817,280.4734,284.14432,278.1968
1744,1995-05-16,284.2867,286.28705,282.07986,284.10696,286.07812,285.63016,283.06104,284.17276,282.65332,284.4991,281.79205,283.48233,284.7766,284.1758,285.97592,285.15228,284.8681,285.10098,283.54004,284.421,285.11823,282.87216,286.75507,284.1574,287.11545,284.8373,283.53348,283.22427,283.56308,283.39664
1745,1995-06-16,287.44177,288.74393,286.4609,287.49567,287.72195,287.26797,286.76175,287.21246,287.48462,287.39508,287.72174,284.7558,283.83484,285.34738,289.3629,287.07114,287.40262,285.7486,288.2996,287.07007,287.8203,284.7616,289.8244,286.89453,289.41733,287.73813,289.99142,285.33374,285.73782,285.7994
1746,1995-07-16,288.92337,289.3636,287.1581,289.5133,289.14172,288.83313,288.34274,288.0118,288.0668,288.7154,288.5653,289.23438,287.5728,287.02274,288.8056,290.67868,287.85245,288.26834,288.0079,287.66953,287.4148,287.80908,288.8459,289.43652,289.35406,288.9481,289.61893,288.7056,288.99323,288.74036
1747,1995-08-16,289.0884,288.45822,287.929,289.7415,288.79443,289.06192,289.1963,289.29254,290.30948,287.99994,289.7435,288.71967,287.6997,288.29968,289.0044,290.4987,288.6654,288.38242,290.16064,287.53345,287.48868,288.87643,288.6422,288.79617,290.0027,289.00885,288.11057,287.99506,290.3944,289.44824
1748,1995-09-16,287.3136,287.29733,286.9395,287.1226,287.80127,287.36523,287.41766,286.7642,288.14227,288.08444,288.07532,288.05978,288.18134,286.73676,288.19827,286.9785,287.6088,286.4223,287.8143,286.12912,287.617,287.3344,287.0037,287.06116,288.37164,287.78232,286.67148,286.40778,286.8729,290.01514
1749,1995-10-16,284.08115,285.36237,283.82645,284.81006,284.5353,285.2698,282.89697,284.88226,285.8081,285.0711,285.44296,283.6742,285.18637,285.6666,283.21454,286.095,284.40198,285.282,284.78543,284.79855,282.76822,284.5398,284.74966,284.16672,283.58017,285.1564,284.66586,284.51422,283.89264,286.07413
1750,1995-11-16,279.76425,282.58063,281.41498,280.08005,281.25317,282.07587,282.3672,281.1107,283.06644,282.45148,280.71606,281.92575,282.98386,282.87067,281.4054,283.0884,281.73157,281.29825,282.25116,280.42755,281.21924,281.6769,281.48724,281.50854,283.1702,282.61853,282.98523,280.86142,281.1577,282.3603
1751,1995-12-16,279.74353,280.38837,281.03745,279.90488,281.21896,279.6453,279.8306,281.0135,277.38235,280.2951,279.52496,281.43036,278.4142,275.63596,280.26193,281.13193,281.33093,279.31604,278.74353,282.80612,281.1791,281.00314,278.214,277.79367,282.7795,279.9277,280.93817,281.47485,278.2038,280.45477
1752,1996-01-16,279.08328,277.36642,278.4187,279.51736,278.58554,279.1907,278.80936,280.6778,278.69138,279.9417,277.32788,279.8719,279.58786,276.90942,279.50803,278.1473,278.62378,279.73355,278.1398,278.78183,280.69513,279.82355,281.01816,279.38864,282.24353,277.69424,278.58606,277.72342,280.2702,281.1395
1753,1996-02-15,280.1974,280.42056,279.99884,278.45154,277.21695,279.87848,276.2638,281.056,278.97153,278.8031,279.902,279.59906,279.549,275.43616,277.21158,277.9716,280.4031,278.12555,279.10812,278.10175,278.97,281.13934,278.64484,276.83334,281.67734,280.36386,278.89062,278.76022,277.4416,281.2463
1754,1996-03-16,279.79202,280.8204,279.42648,281.4053,277.7025,280.70175,279.60812,279.44318,279.07336,282.4562,280.77966,279.0954,278.74768,277.8735,279.9723,279.01807,280.65973,280.45688,280.0269,280.65594,278.14874,279.70947,279.95926,280.34875,280.63644,282.22107,280.41113,280.7165,281.14163,281.20016
1755,1996-04-16,282.56622,281.9628,282.99335,283.8775,280.55386,283.55682,281.12827,279.79263,280.41248,281.77856,283.29813,281.9526,282.64572,281.66086,281.9669,282.15347,282.01743,283.1158,280.90924,282.41333,279.60983,281.73074,282.3212,282.0259,282.8054,281.8401,282.16614,282.19257,281.43713,283.4856
1756,1996-05-16,283.46698,284.7859,283.38986,284.18973,283.21356,282.93143,283.15277,281.95007,284.53046,284.16574,285.35388,285.1866,284.36554,284.822,284.38153,283.54343,282.8709,284.88553,284.92014,283.18533,282.32407,283.08334,284.0028,282.7366,284.6813,285.31143,284.19403,283.05893,284.23157,284.83533
1757,1996-06-16,286.67593,286.22467,288.78998,288.86343,287.41473,287.09836,288.80835,287.21313,288.17883,286.9053,288.99847,286.33224,287.9386,285.8523,288.94202,286.71857,286.697,286.0624,286.2344,286.58377,286.33865,285.7821,289.48688,288.43332,289.4031,285.75446,286.2781,287.58524,287.50156,286.047
1758,1996-07-16,286.42712,286.90894,290.9812,290.83096,289.0644,288.4778,288.39716,288.8202,289.47968,289.78973,287.60452,288.66156,287.95447,288.9134,288.1474,289.20596,287.72278,288.26947,289.1197,289.37823,288.41248,289.6058,289.47116,287.5116,290.21997,288.45212,287.89368,287.68832,289.62354,289.1415
1759,1996-08-16,289.39252,288.32834,290.7756,290.20074,287.959,289.6888,288.12595,288.66327,288.99713,290.23148,288.331,289.3391,289.2255,289.10898,287.19455,288.88205,288.2004,288.33713,289.68488,287.9803,288.9124,288.50153,289.4111,288.68533,290.53024,287.86612,287.6506,288.58054,290.31747,289.32147
1760,1996-09-16,288.77646,286.28613,287.73972,288.75302,286.98306,289.34628,286.254,287.51373,287.94418,289.8089,287.84814,288.53424,288.97113,286.69812,287.89548,286.15567,287.90613,287.09274,287.43008,287.56488,287.13852,287.04025,288.2041,286.0827,287.82022,287.7894,285.9759,285.33014,286.42166,286.1075
1761,1996-10-16,285.21747,283.8857,284.4378,285.13483,285.79007,285.0234,284.3049,286.4661,284.00943,286.1928,284.54144,283.27768,285.70114,283.79837,285.29266,284.06128,284.2949,283.0782,284.9108,285.77573,280.99252,283.95215,285.29202,285.3093,284.87845,284.405,284.0829,285.39713,284.48993,284.49362
1762,1996-11-16,281.6403,282.48584,280.7076,281.6076,281.16107,283.16736,281.52844,282.76807,280.5058,281.64227,281.9071,281.40128,283.88608,281.36655,283.03406,282.21573,280.95547,282.21786,281.06564,282.3039,281.3607,282.03223,282.31924,282.16623,281.99307,281.41675,282.6274,281.90717,281.41956,282.56635
1763,1996-12-16,279.25864,279.4404,280.78918,280.32547,280.47287,279.13776,278.58365,280.90976,280.1375,280.8204,279.45148,281.83563,281.43512,280.013,281.01114,281.42886,280.50223,278.66495,279.7106,281.48972,279.37543,280.4099,279.2476,280.56433,280.2875,281.30206,279.5336,279.79593,281.0689,281.38266
1764,1997-01-16,275.76233,280.45132,271.4081,279.63873,278.43164,278.2128,278.8427,280.8132,280.38577,279.7253,279.02313,279.33978,280.54153,280.40723,281.20694,280.21094,280.4522,278.47327,281.996,278.5131,279.20065,281.15573,277.08252,279.37973,278.50894,277.1077,279.49265,280.1733,280.90823,278.60876
1765,1997-02-15,278.8007,281.0152,275.85544,279.8344,279.21515,278.83987,279.4067,277.5279,280.05267,278.6723,277.59573,279.796,278.96725,278.0949,279.2305,277.74896,277.91803,278.98798,280.6401,276.93887,278.5039,278.01904,277.28616,278.1135,278.83954,277.21265,279.05417,278.89594,278.23425,278.18387
1766,1997-03-16,281.45554,280.4705,279.83618,280.56122,279.48187,277.46005,280.57913,280.3363,279.9524,280.5961,277.18677,280.43887,281.04144,280.4273,280.18265,281.30106,279.26108,280.6981,280.7872,277.2633,280.6913,280.63174,279.21356,279.96353,279.7788,277.23215,279.2214,280.17752,281.34796,280.41483
1767,1997-04-16,282.2323,280.89456,281.8655,281.51468,278.8936,280.24283,281.6312,282.84943,281.69293,281.1818,282.4392,282.27603,283.80954,281.93802,283.0828,282.6215,282.5552,280.5402,282.15186,281.12573,279.7664,280.1685,281.8566,282.9057,280.96835,280.11285,283.11887,280.01804,282.3381,282.85345
1768,1997-05-16,284.3579,283.9609,283.44708,283.37042,280.86853,283.41095,284.68857,285.91544,284.40112,284.57748,285.05585,287.08673,283.78998,286.18268,285.13605,285.96106,284.8943,285.21283,285.50485,282.24304,284.6886,282.7411,283.42126,285.99356,283.94156,283.79712,283.52066,284.80423,285.10202,284.28488
1769,1997-06-16,287.5197,286.48892,288.43918,287.9381,285.4874,289.2547,286.7851,286.0428,287.45834,285.93103,288.56274,291.06323,288.8908,287.80356,288.53522,288.53894,289.03912,287.78775,287.19302,287.38123,286.38388,287.04193,286.26993,288.80023,286.38867,285.25742,288.53168,289.3076,286.65784,287.41803
1770,1997-07-16,287.6461,288.0275,289.76965,288.21106,288.8293,287.74905,287.72986,290.05682,289.41998,288.3774,289.5525,289.9898,289.61307,290.20737,290.1841,291.54776,290.2644,288.6052,289.7179,288.47522,286.7227,287.31827,288.76004,289.6604,287.17026,288.27997,288.60815,288.33493,289.14273,289.06094
1771,1997-08-16,289.41992,289.4815,288.0828,287.80252,290.2393,288.97177,288.99326,290.20413,289.36566,291.13617,289.0676,290.64175,289.41046,290.95523,290.58414,290.58987,289.35583,288.2557,289.41165,288.10312,286.68982,287.8464,288.6932,290.60294,288.21066,288.90042,289.05173,287.54483,290.81287,291.7482
1772,1997-09-16,288.4507,288.23474,287.71518,288.08533,287.32272,288.3294,287.5345,287.56955,286.9557,288.62405,287.76797,289.81274,287.93536,289.5251,288.69684,289.51514,286.98978,287.98322,288.03815,286.66855,286.38995,287.8373,286.20667,288.8264,286.9562,289.6137,287.1121,288.33606,288.49207,289.7205
1773,1997-10-16,284.05054,284.8768,283.71652,285.41147,286.37122,285.26678,285.23505,284.5051,284.38855,284.98654,284.12927,285.98288,285.3673,284.73865,285.81238,285.5699,285.7743,285.9718,286.46152,283.80545,285.93146,284.577,284.64923,285.9644,283.8969,284.70062,285.60052,284.91626,284.07108,287.0453
1774,1997-11-16,281.38773,280.80716,280.2524,279.7296,283.01868,282.5682,281.90482,281.70706,280.88272,282.97934,282.62027,282.5799,281.52203,282.0706,282.72623,282.56738,284.80792,281.84183,279.65076,281.78012,283.50455,279.57794,284.2067,282.6912,282.04025,282.31854,281.38525,281.79266,282.3358,281.4022
1775,1997-12-16,278.6262,280.97006,283.1353,278.77966,278.37952,282.05435,281.10394,281.71182,278.87543,281.2672,280.97934,282.64377,278.35944,280.74902,281.48724,279.996,280.66116,281.10086,277.8118,279.7687,279.04355,278.08817,280.17175,280.42062,280.56857,280.50345,281.01334,279.34692,280.56296,280.00623
1776,1998-01-16,280.16095,279.908,279.46686,278.5299,276.5903,279.10052,278.6599,280.71155,280.44193,280.09747,278.59998,279.24738,278.8253,278.78436,280.3808,280.3476,279.43787,281.06488,278.89575,278.45377,280.2422,281.339,279.35266,279.66757,278.83514,278.8766,279.75662,279.8821,278.8295,279.90546
1777,1998-02-15,279.47238,278.37918,278.76437,278.85034,279.3682,279.00256,278.5215,278.46814,278.28748,280.22162,279.5682,281.58096,278.07126,280.17273,279.81766,282.04272,279.74844,280.3619,278.70938,279.81256,280.5278,279.46353,279.82874,280.6894,277.58585,279.80566,279.0968,278.75223,280.05643,280.35794
1778,1998-03-16,278.9661,277.22125,280.3719,281.37143,278.80334,281.98538,280.10147,280.43402,279.75604,279.07693,280.13678,282.11618,280.27972,280.65158,281.23413,281.93622,280.67117,280.10623,278.86212,280.30396,282.97372,280.0222,279.73273,279.696,281.00824,281.77164,279.43954,279.0597,281.26605,279.25687
1779,1998-04-16,282.28006,282.21875,282.20853,282.4366,280.04944,281.4561,280.5544,282.65027,281.59186,282.38174,281.00705,281.7326,281.8367,281.00922,282.62988,283.43948,283.5767,281.64853,280.80743,283.11026,284.0576,283.12656,282.76047,280.98798,283.3267,282.6066,281.58142,279.67468,281.18378,283.7601
1780,1998-05-16,285.18683,285.52878,284.27054,282.6933,282.4267,286.28528,283.71396,285.2111,284.35577,285.43762,281.99744,283.1167,283.3488,283.87256,285.90936,285.1537,286.31342,284.6183,282.1134,286.3492,287.319,284.05185,283.42203,286.95297,284.6614,283.26627,284.91672,283.44614,285.47366,285.263
1781,1998-06-16,288.72498,289.2563,286.25165,285.84506,286.30756,287.72662,286.05783,289.5702,286.86313,288.8786,287.66162,286.29877,287.16998,289.63773,288.15887,286.3797,287.3801,287.56555,286.8458,286.55518,288.3881,286.96918,288.79932,287.0876,287.8284,287.2939,287.6264,286.6941,287.56418,287.90598
1782,1998-07-16,288.1601,288.30273,289.05356,290.18442,288.96878,289.6234,288.4286,289.88235,289.14734,290.40472,288.61667,289.79108,287.8346,290.42697,288.9007,288.28806,288.54092,289.32303,289.01108,290.61157,289.00534,288.52005,288.04797,288.71118,288.41315,289.3917,289.37585,288.04608,289.13864,288.28
1783,1998-08-16,289.67413,287.34113,288.9442,290.9004,287.37317,290.4278,288.34323,289.33725,289.09518,288.5447,287.53717,289.23627,288.46582,289.8163,289.57822,288.8426,289.1722,290.43253,288.07373,289.77792,292.37933,287.6811,289.45728,290.20715,288.78467,288.34045,290.44873,288.21506,289.65433,288.88657
1784,1998-09-16,286.01163,287.63324,288.42926,287.9528,286.78345,287.75397,285.89868,287.43604,286.616,287.5476,286.35422,288.53336,287.9988,288.13538,286.5536,286.7982,288.10797,287.85477,286.76984,287.9983,289.23367,287.4495,288.00226,288.00162,288.28107,287.32373,287.8428,285.1977,288.57663,287.111
1785,1998-10-16,284.4711,285.39548,283.74857,284.7022,283.3405,285.0929,283.8715,283.20923,284.59543,285.0967,285.0255,285.3725,284.5665,284.87982,283.1725,285.24905,285.9757,285.4364,285.0047,285.63306,284.17007,283.99188,285.82718,286.16708,283.65872,286.79782,284.41586,284.71005,286.0749,285.69186
1786,1998-11-16,282.95657,281.29166,280.40225,281.53665,280.99304,281.91937,281.4921,282.37268,280.78433,281.5154,282.77563,282.3458,280.98032,281.5878,280.92453,281.1795,281.9581,280.55676,282.05045,282.53192,281.85587,282.45142,282.75916,281.36182,280.99808,278.89597,282.21844,280.68466,281.2239,279.99982
1787,1998-12-16,280.77753,280.94644,279.3876,281.91165,280.0326,279.7893,280.5717,282.47757,278.36923,279.43997,280.92908,281.1426,279.46683,278.1487,278.42307,279.53278,281.2472,279.33405,281.6644,278.10852,281.82336,280.04184,279.23065,280.00732,280.43372,277.92654,282.20493,280.5588,280.55792,278.9779
1788,1999-01-16,279.72244,280.9698,277.96817,279.83618,280.18243,279.1882,279.80206,279.1245,278.9544,279.60208,277.2299,279.20303,279.30508,280.70676,277.99564,280.88058,278.45404,277.1725,277.55566,278.90683,279.5391,279.29062,277.81,281.6395,280.93073,277.28656,279.80566,279.51984,278.42758,278.9256
1789,1999-02-15,278.57443,280.8649,281.16544,279.70688,280.27563,279.0066,279.12067,279.55923,280.46118,275.50647,278.56137,279.6693,276.28198,276.09775,278.19208,281.3134,279.2664,278.26926,279.94196,280.1328,279.76944,280.69785,277.0035,278.98837,280.02917,278.691,279.75482,279.37662,277.9991,279.47998
1790,1999-03-16,281.3963,281.62396,280.62576,282.19296,281.8902,280.1668,280.13135,279.39853,280.67902,278.33173,275.26404,280.9743,280.41983,281.50278,280.95035,280.44455,279.9104,278.51767,279.97885,281.53714,282.3774,282.09793,278.64172,280.33484,280.646,280.6609,280.2505,280.845,280.22162,279.51318
1791,1999-04-16,279.6225,282.63818,282.22348,282.1204,282.94083,282.21277,281.54813,280.61685,283.38144,280.40494,281.48444,280.41406,281.36826,283.07635,283.26855,279.71063,283.06854,283.78256,283.33096,283.6987,283.2354,281.66837,281.73337,282.80215,281.00488,282.28442,280.45084,281.81873,281.94553,282.75278
1792,1999-05-16,285.02213,284.03574,283.89456,286.26813,283.7955,284.96762,284.0915,283.38702,284.0574,284.73108,283.2703,283.58685,283.7877,284.57504,286.92026,283.7295,285.12994,283.53812,283.43256,284.11703,285.19302,283.50668,285.08487,284.47507,285.1411,283.89645,284.6806,285.2171,284.46213,285.06448
1793,1999-06-16,285.4584,287.41473,286.01782,287.74976,287.4008,289.46323,287.35306,288.05737,288.3239,290.9732,286.27084,285.17603,287.06168,286.88065,289.2526,286.70563,287.64352,286.1224,287.55554,286.47382,288.57922,288.66913,288.5145,286.67874,289.0832,288.72525,286.56494,286.96594,286.96152,287.67502
1794,1999-07-16,289.1841,289.1855,287.36282,287.41547,288.97772,291.14798,287.45328,288.2873,289.3243,290.65485,287.69623,288.59393,291.19705,288.59906,288.93826,289.9046,288.35596,287.7348,286.95276,287.2133,288.61682,289.7331,288.95035,288.37564,289.3131,289.21533,287.88544,287.7911,289.3115,290.76593
1795,1999-08-16,289.2882,289.40756,289.53638,288.7553,291.14954,290.52667,287.9061,288.4961,289.3784,288.72147,288.00595,289.24606,291.25092,288.9751,290.5207,289.50168,290.03006,289.01138,288.69904,287.054,287.3433,289.2181,289.62564,289.15698,288.73273,287.98965,287.94424,288.45105,288.37204,290.67813
1796,1999-09-16,286.38815,288.6148,287.46274,288.47174,287.90353,289.23636,285.7998,288.8304,286.88837,287.40417,287.47385,288.38724,289.64413,286.92725,290.57373,288.83197,287.7834,287.0854,285.8789,287.39923,287.64554,287.68762,287.71463,286.40103,289.089,286.8807,288.7251,288.87164,287.53912,286.6248
1797,1999-10-16,285.33264,286.21448,284.63446,286.11295,285.51392,284.8001,283.44803,284.81873,284.87753,284.0619,284.14752,285.56702,285.02036,285.8698,285.84692,286.6472,285.84607,285.07535,282.04987,283.1998,285.40558,284.61804,286.753,284.90308,285.44922,284.45297,282.7832,286.77347,285.48077,284.7806
1798,1999-11-16,282.0711,283.71466,283.29498,281.12708,281.10748,283.86542,282.64166,279.13956,282.33243,283.52933,279.6398,281.5377,282.93185,282.90118,284.46558,282.80737,284.80408,282.20697,279.81293,280.89145,280.6886,282.2877,281.77057,281.74487,283.38403,281.6553,281.22174,280.03802,282.83984,282.559
1799,1999-12-16,278.6751,281.64673,280.0301,279.33365,281.49582,280.8491,279.87103,279.40378,279.95502,279.61975,278.93665,278.36664,282.20175,278.4222,283.20435,279.15704,279.50385,281.11465,279.22736,280.5369,279.40973,277.92444,278.96356,280.40216,281.1979,278.80588,278.164,277.9896,281.33804,279.288
1800,2000-01-16,279.17786,280.1463,277.9473,279.08112,280.14154,279.5737,280.41592,277.16858,279.6474,279.34595,275.5997,279.1473,281.60443,277.3987,279.9765,278.57297,279.18896,277.99704,277.0627,278.43735,279.69955,278.36575,281.09937,281.1816,278.94144,280.72,279.0943,278.09518,280.13528,278.56445
1801,2000-02-15,281.06772,280.87628,279.6573,281.831,278.708,280.23737,279.95987,274.51215,280.0437,277.9314,278.36554,281.39056,280.59186,279.4229,280.1117,281.01343,280.15796,277.7652,279.25443,280.40225,278.25684,275.43228,280.4344,277.3975,277.38016,279.92303,278.2349,279.4158,279.14938,279.219
1802,2000-03-16,279.80975,280.6429,280.69113,281.91272,280.66644,281.41608,281.4349,279.6426,279.4108,280.04178,278.76633,280.73074,280.28323,279.3626,281.96002,280.26822,281.02426,280.19666,281.37396,280.8121,280.45322,281.13635,280.357,281.4631,279.4012,280.07605,281.91846,278.77737,280.96844,279.98245
1803,2000-04-16,281.39877,280.36218,281.54965,283.17114,283.33563,282.0917,282.54028,280.54398,283.11365,282.09427,282.37305,282.1014,283.41635,282.85608,282.15796,283.31738,282.82278,281.64804,280.3065,281.54016,281.5763,282.9443,282.0972,281.18594,279.97662,282.6911,281.97168,280.45514,282.07053,281.39697
1804,2000-05-16,286.26205,282.43652,284.25595,283.56516,286.04462,284.73605,283.4156,283.15637,285.44427,283.45486,284.53165,284.43646,285.73843,285.51437,283.59372,285.39984,285.32657,283.73602,284.75195,285.2689,284.5742,283.96005,285.06238,286.1593,283.94684,284.49023,283.1167,284.26926,285.7567,284.02625
1805,2000-06-16,286.888,286.01703,286.83624,285.98398,287.4549,288.84512,286.68942,286.58176,288.3917,286.99466,287.81625,288.65045,287.38977,288.4332,288.3646,287.00378,287.79224,286.69232,288.70724,285.70013,287.0437,286.42523,289.29187,286.904,286.6017,286.10254,287.31943,287.26102,288.58817,287.6793
1806,2000-07-16,288.47336,288.7185,290.3202,287.7036,290.27475,288.85046,289.32416,290.45093,289.52487,290.09274,289.2182,290.28256,289.20697,289.17065,287.79623,289.41647,288.84033,290.23547,289.6639,288.20984,287.731,288.21805,288.6058,289.1613,287.0781,289.0693,288.3453,289.0142,289.29648,288.48022
1807,2000-08-16,287.3139,288.594,289.87735,288.10782,289.48236,288.18823,288.31525,290.80957,288.75156,289.89496,290.32977,288.7839,290.41528,289.05002,289.62057,288.8025,288.65018,288.4301,288.67157,288.91797,289.0742,288.64752,290.28577,288.28836,287.71893,290.41867,289.6002,289.0307,287.88327,289.01114
1808,2000-09-16,287.64157,287.32974,289.77133,287.93155,287.45898,287.65338,287.91626,289.2011,287.5331,288.1042,289.23898,286.43674,287.8544,289.72784,288.01248,287.7817,288.40152,288.69208,286.85013,287.0151,287.80743,288.1288,288.31168,287.10214,288.45477,287.93695,287.20544,287.37244,287.2733,286.95746
1809,2000-10-16,284.2832,286.05734,283.90994,285.8568,285.813,285.37686,285.19632,287.7393,285.09918,286.31116,285.156,286.1713,284.90005,284.9926,285.528,284.01028,285.42203,284.8805,285.18527,285.58884,283.4724,285.5378,284.8389,285.79626,285.52826,284.98718,285.45163,285.13373,284.7891,285.31442
1810,2000-11-16,282.55884,279.6678,281.9463,280.35413,282.89755,283.11053,282.36487,283.00635,282.5143,282.90805,281.8753,283.3412,282.61066,281.05228,283.24658,282.77744,282.7097,282.27576,280.54703,281.3608,282.68027,281.9475,282.6549,282.47974,284.19223,282.88208,282.14563,282.55753,280.4507,282.44028
1811,2000-12-16,279.37787,276.76227,279.9122,280.52664,281.57748,280.53275,277.82956,281.11316,280.13907,280.3625,281.0836,280.0417,283.0337,280.20465,281.52814,279.31024,282.11496,279.89935,278.92615,281.50766,280.56625,279.337,283.2626,276.85626,280.1756,279.8047,278.44373,278.0478,280.56897,281.5914
1812,2001-01-16,277.56213,277.395,279.63394,279.24106,281.5311,279.26096,279.18094,278.04846,277.8748,278.0114,278.17773,279.3411,280.91818,277.7258,279.2375,276.84448,279.1794,279.19937,276.59412,280.17404,277.2576,278.29932,280.78973,277.9982,279.38675,279.33316,274.71146,275.48218,279.638,280.65472
1813,2001-02-15,279.06775,277.4117,279.89716,277.83582,277.76724,280.94595,279.56918,280.11826,280.54773,278.29443,279.72147,279.4169,278.96994,280.05814,277.47687,279.05084,279.8319,277.63644,278.08978,278.94293,279.20734,277.54608,277.98315,278.52515,279.80573,280.07034,278.71298,276.3297,281.70233,279.9318
1814,2001-03-16,280.0954,280.16022,279.70932,280.98328,281.5714,279.72397,280.52356,281.0211,281.9837,281.29733,279.97815,279.89758,280.90778,277.57913,279.2193,278.67923,279.2866,279.0796,280.76797,279.93185,280.6147,279.76498,280.5138,280.1414,279.61374,280.36832,277.89758,275.8415,279.67252,280.2092
1815,2001-04-16,282.1865,283.12766,281.39893,283.21167,280.20438,281.96466,282.17084,283.8664,281.1021,283.1414,281.8403,281.3001,281.43762,281.59644,281.51834,281.69513,282.1044,281.02158,281.47742,281.37854,281.0239,282.7063,283.06296,282.26578,282.75928,282.31427,280.58768,279.88495,282.33987,281.81705
1816,2001-05-16,283.8187,284.4135,283.34772,286.8831,283.3499,285.21667,285.0217,285.10028,283.26865,284.29523,283.93262,284.0411,284.60657,285.1094,284.138,285.16495,285.0248,282.97754,284.58255,284.68854,283.1448,285.32178,283.73904,283.60022,284.59964,284.90506,286.10883,284.9126,284.60873,285.42123
1817,2001-06-16,287.06842,287.91287,288.5187,286.8313,287.03226,288.82333,286.8611,289.6636,286.90744,286.88632,286.03146,287.79514,286.6305,285.79407,286.291,287.765,287.30017,286.92114,286.36777,290.12274,287.15,286.91135,285.94055,286.6891,286.0222,287.1789,285.42993,287.25836,288.56168,286.96588
1818,2001-07-16,290.10452,289.07254,288.54953,290.1064,287.99152,288.72763,289.15826,290.88303,288.59512,288.56778,287.89166,289.25034,288.17725,288.45786,288.1858,288.09903,288.55405,290.78925,289.7505,289.04782,289.33057,288.33746,287.34393,289.01096,289.0758,291.6408,288.91443,292.02286,289.12283,290.57278
1819,2001-08-16,290.1157,289.11343,288.67264,290.23346,288.41486,288.03888,290.74664,291.52133,289.48123,289.16583,290.4085,289.14282,290.41705,289.19186,287.35202,288.67252,289.6285,290.0668,291.21603,289.86417,289.6018,290.684,289.24228,289.786,289.02518,290.10202,289.00818,289.17273,288.84546,291.26617
1820,2001-09-16,288.19583,288.04865,288.67157,288.12698,286.83102,286.8178,286.1301,288.71576,287.5618,288.2765,287.24704,287.54086,287.65665,288.21075,286.57404,289.09024,287.37494,288.74313,289.30524,288.9881,288.35446,287.36563,286.63596,288.17523,287.06216,288.49084,287.72815,288.40482,288.01727,288.60754
1821,2001-10-16,286.61792,283.9145,286.04916,284.8387,285.11978,285.7023,286.0608,285.35898,285.9575,287.08215,283.09326,285.2437,284.39023,284.41678,285.144,284.53897,284.78473,286.99902,282.7461,284.3494,286.02063,283.38828,283.68176,284.72357,286.4893,285.27585,285.23346,284.52957,284.62766,285.86447
1822,2001-11-16,283.35815,281.3524,282.24057,281.07928,283.9658,283.3837,281.10684,283.58102,282.25546,281.65808,282.1272,284.978,282.0218,280.95117,282.4758,283.0641,282.61255,284.18176,282.29037,283.32993,281.75607,282.38818,281.14484,281.73352,281.75577,283.75006,282.25613,281.23352,282.86917,283.18286
1823,2001-12-16,281.22916,278.92606,280.9991,280.75928,281.13797,281.51736,278.2033,280.93787,279.06873,279.73178,278.30768,280.4083,281.2662,280.53854,281.14294,280.23343,280.10416,281.69675,282.40616,280.78098,279.45523,280.4144,280.313,280.5873,278.80215,281.36066,280.33173,279.06396,281.96527,280.68933
1824,2002-01-16,279.9985,277.7344,278.20633,278.0748,279.69406,278.8574,279.35956,276.78952,277.42526,278.5795,277.20456,279.7424,280.27692,280.6688,278.01517,281.25986,279.9764,281.32642,280.58334,278.94772,278.3472,280.351,278.96017,278.11838,279.0826,279.82785,279.48575,279.7793,281.00238,274.74457
1825,2002-02-15,275.73798,278.7135,275.91815,279.25967,280.881,278.6368,276.99924,280.73944,278.11472,280.0916,277.6814,279.93536,280.76468,279.6535,277.7925,281.82498,278.79135,279.08762,279.2696,278.66342,279.573,280.56354,280.11536,276.7416,282.1144,278.75958,277.39,279.1927,281.57254,280.3533
1826,2002-03-16,276.78403,281.81064,279.41205,281.51782,280.9961,279.48996,276.42935,280.11728,279.4177,280.51932,280.45352,278.6893,280.83682,281.38968,281.5487,280.6838,277.25812,280.0337,280.52698,279.90872,280.63885,281.2308,278.22842,280.7403,281.94336,281.0331,280.29626,280.93976,280.46945,279.4993
1827,2002-04-16,281.92093,282.17783,283.15417,282.69394,282.47705,284.15048,279.1452,281.82935,282.67996,280.94052,282.0877,282.8916,281.89032,283.2276,282.11188,283.30676,281.18628,281.1784,283.4012,283.50165,283.19977,280.9963,279.0476,282.70215,282.39655,282.51767,282.31403,280.3235,280.28772,281.16147
1828,2002-05-16,283.46368,284.99875,284.85562,283.63394,284.12375,285.3037,283.33917,285.54538,284.49683,284.2963,286.82715,283.44583,284.7582,284.43973,284.35,285.98993,283.98395,287.34128,283.77478,284.90225,285.7825,284.81665,283.76328,284.60144,285.2572,286.1637,284.14224,284.02942,283.54617,284.10562
1829,2002-06-16,286.021,286.0478,288.3486,285.94882,287.6998,286.8874,287.44226,287.46042,285.9742,287.79974,288.15198,285.987,288.10928,289.202,286.58105,290.80798,287.07095,288.34445,286.77335,286.76688,289.58643,286.9812,285.86905,288.0841,288.1369,287.12915,289.53903,288.89587,287.28104,286.96185
1830,2002-07-16,287.96353,287.4191,290.05942,289.8183,288.45758,289.34372,288.16397,288.59744,287.84506,288.7705,288.21512,289.31158,288.17606,290.57663,290.3634,290.41003,289.64117,288.61566,288.1622,287.97897,289.4759,288.50552,288.5139,289.30475,288.24136,288.0924,289.9664,288.53632,288.41907,287.71643
1831,2002-08-16,289.8111,288.64496,289.37796,288.9955,288.75342,290.42834,289.7425,289.5448,289.13007,287.63745,290.55655,291.24185,287.8692,290.16245,289.32693,290.29034,290.5926,288.4941,290.3972,289.0925,288.10495,288.62326,289.63644,289.3052,288.9043,289.29233,289.41705,290.00717,289.6035,287.89648
1832,2002-09-16,286.80066,287.7802,288.9875,287.83972,288.3005,288.8305,287.75925,289.84875,287.28757,289.00742,288.7511,288.3226,287.7685,288.40677,287.14746,287.82797,288.24533,288.6599,289.10583,286.61316,285.30615,288.60812,289.22324,287.13168,286.77127,289.13043,289.45636,289.4099,288.00656,286.44797
1833,2002-10-16,285.63498,284.78055,284.99222,284.5076,284.10858,283.96674,284.3413,286.47314,285.61032,285.12405,285.74484,284.94907,286.747,284.78064,286.85168,284.69373,284.71515,284.84897,285.14978,285.13336,283.42386,284.25244,284.2761,286.12125,285.55948,285.03552,284.64038,284.09848,285.29086,285.12393
1834,2002-11-16,282.11368,280.44647,282.24164,283.27026,280.6688,282.36972,282.02386,283.82208,282.82388,281.90622,282.8522,282.31537,282.40518,282.5005,282.12396,283.0504,283.0308,283.96405,282.0805,280.92792,281.88248,281.52625,282.17426,282.19464,280.807,281.83084,282.2498,281.35468,283.47598,281.2358
1835,2002-12-16,280.89517,279.28256,281.6558,281.75824,278.397,280.49478,280.8324,280.62784,281.53085,279.89432,281.56015,280.90036,279.99844,277.94928,280.4586,280.9226,279.69775,281.26904,279.04593,279.96988,280.3789,281.21387,281.60706,281.59497,280.23013,281.9503,280.6751,280.64752,277.0086,276.8782
1836,2003-01-16,278.5229,279.99625,280.11197,279.2666,279.51508,280.96652,278.90967,278.07095,279.5847,278.47223,280.10233,275.5877,281.14832,280.4819,279.10516,281.00418,280.3629,277.92313,280.44287,278.57666,276.7961,278.84143,278.12604,279.97083,277.75467,280.82806,277.48947,278.37302,275.07913,278.6444
1837,2003-02-15,279.5411,280.22632,280.90707,277.64014,280.08347,280.4971,277.4445,279.4981,279.24905,277.32394,279.4538,277.67004,281.17316,280.20926,280.2486,278.87363,281.14572,279.92737,280.34018,278.45947,278.4936,279.72656,280.1309,280.2827,278.06378,278.6832,279.75507,277.32217,279.6134,278.97366
1838,2003-03-16,279.2105,280.08237,281.0666,277.60153,279.24228,278.7967,279.20352,281.96057,279.7946,279.31912,280.04254,279.14172,282.88177,281.58298,280.9396,281.1308,279.79108,279.7916,280.0465,281.4473,278.14246,280.43646,281.21487,280.62033,279.04648,279.9017,280.27243,281.1065,279.7756,281.81845
1839,2003-04-16,283.04446,282.3831,282.734,282.22827,282.20642,281.0961,279.73785,283.4599,283.43726,283.481,280.91058,281.58142,283.35263,282.5295,282.14627,282.91547,284.06982,282.28882,281.6719,282.5062,282.56433,282.00928,282.02548,283.26282,280.1984,281.9363,280.10208,282.87137,282.1944,283.59644
1840,2003-05-16,283.22263,285.0238,286.3501,283.80777,284.4044,285.60602,283.57788,285.0987,286.37296,283.63898,284.82153,284.26932,285.22293,284.8843,282.7874,284.29932,284.634,285.68732,284.99948,284.6397,284.06863,285.30432,285.13107,285.6023,282.73706,283.6455,284.537,285.07178,284.77213,284.94943
1841,2003-06-16,286.23016,287.21115,285.82602,287.93198,287.42505,287.99915,287.28876,288.84518,290.2033,289.0243,286.4741,287.7041,286.8976,287.6088,291.06644,287.19626,287.55566,287.53006,288.73685,286.6004,286.16867,287.28116,288.4888,287.9683,285.7289,288.32285,289.42365,286.2405,288.15042,286.3822
1842,2003-07-16,286.98367,289.30743,287.61267,290.54486,291.0574,290.2211,291.8753,293.5111,290.40225,289.02408,287.943,287.05502,288.8368,290.0011,292.90186,291.76364,289.79282,288.70834,290.65134,288.5825,289.2522,289.79324,289.3452,288.00815,287.85,289.7298,289.82578,287.9313,289.6594,288.1524
1843,2003-08-16,290.23975,288.045,289.20947,289.72336,288.4405,289.78595,290.51422,290.28714,291.95642,289.80362,287.9095,288.1642,288.5326,288.08768,289.94608,289.94183,290.48145,289.58258,289.78342,288.3179,289.5664,289.69772,290.4117,288.0764,290.13925,290.17596,290.06534,288.44464,290.18933,287.94843
1844,2003-09-16,286.96738,286.72354,287.528,287.17004,287.8634,288.44675,288.50464,287.74847,288.22525,287.6805,287.4303,285.2923,290.1467,286.27957,287.28738,288.829,289.23697,287.15665,288.28348,287.59015,285.85242,289.09152,288.3754,286.04877,288.3947,287.3027,289.0412,286.76294,288.1763,286.9917
1845,2003-10-16,284.71304,285.13528,285.13828,284.80496,284.7456,284.85608,285.83,284.3761,285.3324,284.52716,285.67963,283.91592,284.71164,284.14178,284.62283,286.05063,286.07712,284.72052,287.10568,285.16406,283.4366,286.83456,284.0334,285.97424,284.50806,283.67587,285.78134,284.83044,284.83224,284.38922
1846,2003-11-16,281.76196,281.07578,280.6683,282.91278,282.24957,282.28537,281.74957,281.61533,282.31998,281.43167,281.65344,283.57907,283.4226,282.18842,283.88815,281.81866,282.8468,282.39523,281.96844,284.33163,282.27505,283.21173,282.5361,282.54175,282.35468,281.23383,283.2983,282.05887,281.16577,280.53677
1847,2003-12-16,280.87677,280.1216,278.06827,281.80478,280.6398,280.7729,280.54944,277.80463,281.1311,280.3512,280.91653,279.09357,277.72446,282.10843,280.7628,278.95792,280.644,282.14172,281.73077,281.00198,279.40707,281.13806,281.71454,279.618,280.61102,278.801,281.89728,281.12146,280.68793,280.13535
1848,2004-01-16,278.5472,279.49072,278.19635,280.27753,278.09607,278.07672,278.5764,277.3743,278.7696,280.86057,279.37103,277.35214,279.62946,280.7438,279.51962,276.68835,278.32227,280.04224,281.87906,280.4972,278.01935,280.70462,279.66772,281.03973,277.35593,277.88687,282.10046,279.08905,280.27533,276.6791
1849,2004-02-15,277.62747,279.9582,279.3055,280.4732,279.1303,279.24973,280.74957,278.3703,278.89062,277.96164,279.74097,279.36496,279.65448,277.55603,281.19153,278.75308,276.1817,279.53616,278.69858,278.32373,279.8867,280.78436,279.47107,280.0439,280.33847,279.4119,281.79395,277.47293,278.70233,276.783
1850,2004-03-16,280.23038,280.2476,279.74863,281.67853,279.7034,281.62872,279.2802,280.60794,280.98273,280.10388,280.598,277.4981,280.99545,277.90714,280.91898,278.61734,277.0235,278.61914,280.32056,280.73978,280.01743,280.321,280.8891,280.63303,279.05038,281.46,281.19446,281.02325,278.70828,278.3621
1851,2004-04-16,280.99768,282.40775,282.21005,281.2987,280.5716,283.04095,283.71216,279.85776,281.93805,282.56357,283.48267,280.71747,280.6331,282.42444,282.27908,281.73157,280.84778,283.0276,282.09982,283.19293,282.83896,281.35312,281.57764,281.16968,281.75952,283.0561,280.228,281.65628,281.56345,280.81253
1852,2004-05-16,284.31738,284.7691,283.83722,284.2353,282.20425,284.4206,285.42563,284.4881,283.88336,284.80807,284.4847,283.3809,284.202,284.23422,284.23096,284.06073,283.35217,284.53714,283.92123,284.66425,284.5995,284.84924,285.71463,284.42584,284.21545,285.1958,282.97232,284.47412,285.91867,283.64664
1853,2004-06-16,286.97382,287.64648,289.2855,287.0689,286.53955,289.54007,288.38254,286.4332,287.1814,288.39676,287.87265,285.61493,286.42804,288.39758,286.06784,288.05267,286.4513,286.87897,289.06857,287.9561,287.9016,287.4313,288.72943,288.96176,287.72055,285.7999,288.35687,288.43597,287.07623,287.62006
1854,2004-07-16,288.85617,287.87503,287.75595,286.89267,289.1103,289.69684,289.71024,288.9847,290.3252,289.0149,288.85736,287.70596,288.43546,288.5794,288.7878,289.96588,287.67896,289.32944,289.853,289.115,288.4969,287.72842,290.0991,290.47458,289.06296,288.5078,287.79758,287.95383,289.86368,288.80594
1855,2004-08-16,288.59894,289.1676,289.987,289.32578,290.2912,289.72064,289.7452,290.30148,290.98978,289.5313,288.65024,291.17932,289.35953,290.22284,288.47147,291.40558,287.70227,289.61505,289.91168,289.95694,289.81055,286.88287,288.8457,289.74744,288.9548,290.3802,289.2744,288.32938,289.9807,288.84775
1856,2004-09-16,288.31076,289.46695,288.7038,287.02127,287.4872,288.61694,289.2293,286.67554,287.5541,288.01266,288.32495,287.09454,289.26114,288.52625,289.92282,291.1259,287.08313,288.2609,288.25748,288.4349,288.6574,287.15424,288.53748,288.85114,288.72867,287.30057,287.83307,286.71094,286.84088,287.6435
1857,2004-10-16,285.53757,285.9426,286.22504,284.82968,284.61047,284.24127,283.71884,285.9034,286.54718,285.01965,286.29163,285.39624,285.6874,285.9071,286.33463,287.67334,285.26413,286.85107,283.3375,286.28036,285.9993,284.70718,285.20758,283.9118,285.49008,285.30222,283.5494,283.64676,286.90012,284.47858
1858,2004-11-16,281.21326,283.213,281.3497,281.61444,281.67706,282.5941,279.97574,283.15472,283.33978,281.50146,284.27588,281.41333,283.06757,281.92508,280.52237,281.78635,282.72736,281.9413,282.03775,280.9072,283.38718,282.0487,283.99313,282.71707,282.18564,282.4566,279.34012,280.1207,284.35953,279.99677
1859,2004-12-16,279.7369,281.30438,279.58203,280.21283,281.2656,281.83246,280.35754,279.02628,281.67212,280.31583,281.8588,279.13235,281.01108,280.70874,278.9996,278.24573,280.6022,282.43326,277.17084,280.0271,282.4211,280.7576,278.91107,280.02243,279.61633,282.0284,278.65717,279.1848,278.57736,279.0352
1860,2005-01-16,277.96298,279.1908,278.0956,280.38284,280.2762,278.8759,279.24603,280.44333,278.37482,280.15274,280.3183,279.65848,280.5703,279.1296,279.23187,279.7234,280.24622,281.50665,274.93762,279.80435,277.82764,278.9242,279.86487,278.12796,277.9267,279.2156,281.4486,279.31152,276.38998,278.4825
1861,2005-02-15,281.10355,278.97055,280.33734,279.5425,281.64703,278.85782,280.78653,278.67905,279.93765,282.21674,279.15927,278.8932,279.31943,279.18738,278.7005,281.42523,280.05423,278.05557,278.43698,279.53763,280.55264,279.6888,279.3015,278.39398,279.6521,281.46582,280.4501,279.1872,279.47644,277.15372
1862,2005-03-16,282.41263,280.69186,280.02496,279.64557,280.63855,279.0546,278.84015,280.8305,279.2253,278.9408,281.71738,280.60583,280.20255,280.46082,280.14258,280.73004,281.3598,279.9359,280.17194,279.642,278.5287,280.8244,277.07278,279.95395,280.49194,279.7564,280.7274,278.64322,281.89105,280.22845
1863,2005-04-16,280.45422,283.27698,280.5951,282.13416,282.4061,281.26102,281.47073,282.13513,283.26538,284.1627,283.1625,281.18466,282.0956,281.82852,281.78296,281.9261,282.18417,280.91602,279.9708,279.84747,282.92566,281.91434,281.3779,281.30853,282.69748,284.8584,281.86627,278.52,280.8967,279.2578
1864,2005-05-16,284.27258,284.64948,283.32318,283.30942,285.35452,285.4426,284.19852,285.125,283.98746,283.77554,284.73105,283.73465,284.45328,284.12625,284.98584,284.29068,283.89322,284.90454,284.1305,284.40427,285.8739,285.18948,283.02737,284.89297,284.62457,284.94946,283.785,282.92902,286.58826,282.93588
1865,2005-06-16,287.36487,286.92657,288.1764,287.1496,287.8721,288.18353,288.5472,289.09726,288.55222,286.84998,289.18784,287.3981,287.02316,289.0671,287.48337,286.53812,286.2215,288.78314,287.19437,285.6272,287.39337,287.70325,286.65906,286.01352,286.22485,290.21915,287.45486,286.0161,288.535,286.56973
1866,2005-07-16,288.32574,291.15387,289.42422,290.35327,289.2063,289.0663,290.62732,288.8249,288.511,289.0634,288.97733,290.36383,288.0173,290.6371,289.72992,289.939,289.25983,288.65506,289.93768,289.869,289.92255,290.294,289.5413,287.06522,287.63754,291.22635,290.26605,288.62186,288.66116,289.3605
1867,2005-08-16,289.914,288.8856,289.65848,290.8146,291.05206,288.74866,289.30435,287.50818,288.9748,290.6498,288.0639,288.72818,289.32404,290.18085,291.4982,290.23242,290.34525,290.3476,289.7491,289.78833,288.74634,291.35764,289.90503,289.45352,289.07333,292.08624,290.03958,288.5973,288.15887,289.0744
1868,2005-09-16,288.50937,288.3456,287.9756,289.38342,289.03842,289.12024,287.3874,286.9799,288.8952,288.75922,287.30234,288.44043,287.868,287.14813,289.45956,287.51248,288.21625,287.58728,288.83212,288.8319,289.50177,288.2994,287.19608,288.78836,286.667,289.07855,287.22498,286.8258,287.7302,286.51022
1869,2005-10-16,285.02267,284.51602,285.57617,286.03168,283.9856,285.64725,285.7687,284.1867,283.96915,287.41025,285.79706,285.39905,284.845,283.73996,283.77313,285.3967,285.46848,285.1283,285.669,286.95468,285.1443,286.26953,286.06903,282.75662,285.72043,286.4335,284.18076,284.4273,285.43396,284.07336
1870,2005-11-16,283.0617,283.22018,282.33398,282.8721,281.17096,280.26608,282.8741,282.33322,281.575,282.82968,283.8131,282.92093,282.4063,283.48245,280.58432,281.00974,282.28806,280.87112,282.7667,281.63486,280.9974,281.01233,281.7568,279.82776,283.45056,282.48834,282.3487,280.20013,282.24796,282.83728
1871,2005-12-16,280.95615,278.8488,282.05917,281.85425,280.2981,281.65244,278.0259,279.7346,281.20197,281.4771,279.109,279.63968,280.9795,280.8701,279.1895,281.19055,279.9589,279.94458,277.87527,280.84647,281.2275,280.71115,280.27637,281.2239,280.4881,279.2574,278.8461,278.8554,279.16153,280.8632
1872,2006-01-16,280.2604,279.47778,280.19388,280.67505,280.6641,279.97174,280.059,273.38638,280.66638,280.49838,277.34897,278.94812,280.59457,278.53876,279.16125,280.04813,273.592,279.8765,279.74786,279.3289,279.32825,280.8833,278.55103,279.40576,281.2166,280.6816,278.0445,278.34558,278.40677,279.97873
1873,2006-02-15,278.94733,274.96387,280.85654,279.04044,280.86124,281.2268,278.32132,276.65576,280.11935,277.85175,277.45013,280.63962,278.52948,279.90244,280.2125,279.99753,279.76257,280.00485,279.79697,278.2401,281.26065,280.8399,279.75934,276.5799,280.84848,280.0717,278.9039,278.91592,278.52438,280.6473
1874,2006-03-16,278.71872,277.69067,280.7203,280.43146,281.39053,280.89743,281.4275,279.8626,282.3601,281.25427,280.075,280.11182,281.21802,280.61414,281.79065,282.2052,279.90997,279.8757,281.37524,277.5865,281.16684,281.56738,280.54398,278.55453,281.97028,280.21384,280.2962,280.1307,280.69922,280.28177
1875,2006-04-16,281.02356,280.42163,282.22305,281.76523,282.5833,281.2251,282.54987,282.23178,282.5415,282.14767,282.11465,282.25555,282.12134,281.58414,283.9411,282.38327,282.01294,282.97885,281.74765,281.68524,282.89536,281.81418,280.6235,282.53967,281.4625,280.39752,283.1987,282.5735,281.57336,282.50992
1876,2006-05-16,284.24396,282.00394,285.61917,286.3159,284.78467,283.9005,284.35367,284.2118,285.00012,285.59787,285.48022,284.91257,285.36624,283.3371,284.11566,283.79956,284.04312,286.48495,284.81335,283.43735,285.06537,286.0709,285.10147,284.70746,284.64636,284.05402,283.82892,283.45618,286.4394,284.76953
1877,2006-06-16,285.75262,287.14743,287.75208,285.725,288.7953,287.14105,288.77362,287.67642,288.77963,286.72574,287.69067,288.12457,287.46573,286.21954,288.32755,286.18497,287.8282,290.16083,286.90363,288.62845,287.03372,288.49,289.4643,286.13992,288.27377,287.3483,285.91513,287.45377,287.78217,287.47125
1878,2006-07-16,288.71692,289.5454,289.7035,288.11572,288.54373,290.5561,290.56775,289.08026,291.03104,289.15686,290.07324,289.27573,288.68045,287.9855,289.61703,290.98215,289.6674,290.39102,290.09265,288.27652,288.23395,290.72845,291.856,288.7095,290.05722,288.63348,287.44617,288.58905,288.7961,287.55707
1879,2006-08-16,288.71396,288.85724,289.03604,288.67053,290.094,290.58856,289.96625,288.56738,289.40613,289.13016,290.00012,290.626,290.25452,289.00647,290.99768,289.0503,292.59808,290.00046,290.25882,289.85907,288.217,288.83823,288.99518,289.58563,290.37903,288.30664,287.86188,288.69876,288.53067,289.13812
1880,2006-09-16,288.8862,288.2199,289.23727,287.8697,287.5683,287.9518,289.617,287.1581,287.05518,289.16086,288.8591,287.31183,288.7469,288.13196,287.67157,288.96167,288.21695,288.28253,287.50464,288.7767,286.49347,289.14322,288.18552,285.8332,287.53528,287.4988,288.23712,286.91385,287.16605,289.13712
1881,2006-10-16,284.8179,283.05746,284.3718,285.90976,284.6511,284.4156,285.76993,286.00735,284.63138,285.08377,286.45782,284.243,283.5624,285.2931,285.38126,286.49402,285.05716,286.18896,285.5114,286.14587,285.33087,286.77258,284.99393,284.17984,283.04404,285.6769,285.51764,285.9162,285.3998,286.31717
1882,2006-11-16,283.4025,280.91595,281.6929,285.04623,279.8835,279.908,281.70682,281.45163,281.08136,282.54013,284.727,281.84476,282.21353,279.6872,280.425,280.6537,282.66852,282.95718,282.77664,282.46503,284.25513,281.9004,282.88385,281.03613,281.66217,280.89767,279.87488,280.5658,282.4025,282.6513
1883,2006-12-16,280.4379,278.72742,280.6061,280.79916,280.12314,277.14505,280.94064,280.9794,273.95187,279.91486,281.91113,281.04803,280.29205,282.0829,280.89435,277.93335,278.93127,275.70978,279.61243,280.42044,280.13788,278.8257,279.3591,278.65182,280.89587,281.33682,281.011,280.8841,281.4599,280.66754
1884,2007-01-16,279.46408,280.02368,280.5975,280.65085,281.85504,279.16855,280.7823,278.99872,274.968,281.58307,279.59592,277.20218,278.67465,279.72995,280.53055,280.03177,276.60257,278.79944,280.18845,279.8031,279.04648,279.13748,279.60376,278.2599,275.31702,279.08606,278.49884,281.59164,279.8808,278.8775
1885,2007-02-15,280.13022,278.3373,279.4379,280.81757,280.00378,279.94318,279.42773,278.04202,279.97803,281.2186,280.19513,277.42938,280.08408,278.17474,281.03873,279.60526,276.23276,280.0502,280.4629,278.4327,278.26608,279.1636,278.7626,277.062,278.26218,277.47153,279.56516,280.0894,280.1554,279.9809
1886,2007-03-16,279.59872,279.82938,280.3441,280.69437,280.36093,279.94943,281.0758,275.37872,280.26648,282.20032,279.80817,278.83112,279.9988,277.0112,280.9192,280.36676,279.42548,278.9658,280.4368,279.76743,281.2534,281.23422,279.6297,279.41653,279.81787,276.55573,281.15427,280.45862,280.61984,279.05402
1887,2007-04-16,280.241,281.9815,282.80545,282.09436,283.23846,281.67545,283.19376,278.17914,283.27884,282.61978,284.49115,282.77255,281.9757,281.17426,283.72626,281.7112,282.31555,281.07077,282.44302,280.99396,282.62,282.22034,283.76956,281.74628,281.74475,278.4233,283.7235,282.2929,281.43573,284.96292
1888,2007-05-16,284.11566,286.99774,285.14136,284.8557,284.1546,284.35406,285.70645,287.481,284.8757,287.48758,287.96173,284.46942,283.45285,285.6975,285.15656,286.0974,283.70834,285.51932,284.31058,284.15927,285.50195,285.9218,285.33398,283.51236,284.7361,281.9407,283.22208,282.3741,284.4858,284.77457
1889,2007-06-16,287.05948,287.1982,290.4856,287.46228,286.01758,288.0515,288.43213,289.56433,289.45248,290.17636,288.59097,287.62903,286.45724,287.5364,287.30133,288.1242,287.93396,287.0155,289.0599,285.76566,287.18335,286.98648,285.436,288.10596,287.63513,287.17142,285.92517,287.1403,287.42242,287.656
1890,2007-07-16,289.67657,290.31882,289.31375,288.59702,289.15585,290.29703,289.90094,289.6082,290.57922,289.25784,288.92413,288.73044,288.57422,288.5624,288.77985,289.3688,288.67136,288.11142,287.78534,288.3237,288.94742,288.10355,288.74326,289.1907,288.61792,288.40494,290.056,289.8217,289.1883,288.02118
1891,2007-08-16,291.1669,290.27454,290.63455,289.57077,290.4519,289.5801,289.8963,289.94174,291.2715,288.89282,289.2578,290.17398,290.93243,289.6444,290.70102,289.2354,289.934,289.02942,287.6259,288.8724,288.34277,288.4723,288.29498,288.5181,289.8924,287.16324,289.4728,289.22745,290.0383,289.5763
1892,2007-09-16,288.5515,287.8765,286.98404,286.70468,287.76544,289.02734,290.1371,288.20386,288.49026,287.36844,288.80014,288.0292,289.13596,287.6788,287.48532,289.99417,288.281,287.3211,286.6713,286.9258,288.00513,285.98657,287.18814,286.7322,287.0142,285.92236,288.99118,287.1267,288.36276,287.45926
1893,2007-10-16,285.8207,285.3602,287.1405,283.8327,284.46942,287.03085,286.41922,285.3282,285.42303,285.3829,286.4627,285.2773,284.40576,285.16675,285.90103,285.00778,286.08142,284.91116,284.49875,284.1317,285.12433,284.83807,286.10214,284.84457,284.93817,284.87988,285.22385,285.40628,285.481,286.735
1894,2007-11-16,284.13205,281.848,279.67868,281.18497,279.78857,282.29468,281.37173,282.566,282.2393,281.94855,283.46637,283.89432,282.3932,282.59277,282.81757,283.3222,283.09695,282.08133,282.74237,280.34344,280.37814,284.13724,282.51572,283.5951,282.3714,282.84558,282.31534,282.4301,282.6562,282.16113
1895,2007-12-16,280.85178,280.656,279.37637,279.93442,281.52136,282.01877,280.87027,278.55023,281.9989,279.0005,279.7248,281.41772,279.09357,279.18365,279.4752,281.85553,278.41983,280.58408,279.31302,278.9437,281.60233,281.73795,279.75714,279.9955,280.72086,279.87534,281.36642,277.82895,280.4031,280.9953
1896,2008-01-16,280.7159,276.84793,278.47366,280.32275,280.40714,282.03897,281.02438,277.72412,280.40408,279.6518,279.90475,277.99814,280.88428,279.04593,280.75424,281.9093,279.87387,279.5926,278.75558,279.2499,278.32657,278.8566,278.5735,278.25534,279.10104,281.12143,279.66913,275.2689,280.43976,279.96045
1897,2008-02-15,279.28162,280.31665,279.06595,279.77728,280.66376,278.7872,281.37875,276.26538,277.82043,279.42642,276.2237,276.50427,280.35904,280.0129,280.0959,281.0745,278.88278,280.4764,277.67267,278.2298,279.10187,279.4219,280.22614,276.64417,280.54907,277.9649,279.60117,273.16794,277.33624,279.6342
1898,2008-03-16,280.91132,278.51135,278.11792,279.65097,281.5162,277.53345,279.54752,281.21542,280.75775,280.22757,274.54794,281.44006,281.14273,282.1575,281.90555,281.83987,280.45242,278.15695,281.122,281.40585,281.4429,281.3761,281.42728,279.7012,280.54166,280.05893,280.4585,277.93945,281.42273,279.4795
1899,2008-04-16,282.62802,281.94507,283.01407,281.94446,283.22873,279.9325,281.62607,280.33038,281.52194,282.68552,278.80914,284.30286,283.47623,283.53827,282.90897,282.27075,282.27982,282.1516,281.8102,284.2188,282.4871,283.24838,281.62543,281.75494,279.5829,282.4428,283.0319,281.29822,281.50638,281.88602
1900,2008-05-16,287.9684,283.6085,284.85098,283.70813,282.9998,284.77936,284.38962,285.1694,284.6253,285.35068,284.86703,284.80664,285.25412,285.71082,285.55875,284.79654,283.6428,283.92416,285.07132,285.6513,284.63538,284.05884,284.4242,283.3781,282.8891,285.3673,284.2739,285.90222,284.7595,284.08542
1901,2008-06-16,287.95135,286.77692,287.80698,287.70483,288.08386,285.33795,288.19516,287.36383,287.64053,289.15057,288.70782,290.22855,287.04288,287.38275,288.67215,289.98303,289.63162,286.25388,287.11868,288.2104,288.74316,286.9278,288.2534,287.51962,289.2772,290.43298,287.18326,286.92517,287.4193,288.9567
1902,2008-07-16,287.82428,287.53104,290.76865,288.65796,287.65976,291.50787,288.25388,289.03296,288.20532,289.95663,289.09955,288.3695,290.1293,289.94388,290.16736,291.3568,288.72275,287.43304,288.67145,288.75443,290.375,287.72293,290.00015,289.3738,289.63354,288.9565,288.63394,289.39987,289.4336,290.5162
1903,2008-08-16,289.55045,288.5508,290.4254,288.0323,290.26376,290.798,289.00223,289.20276,290.5558,290.18732,288.5489,289.2866,290.92676,289.48746,288.86298,290.1711,289.87717,288.66943,288.65375,289.23093,290.4617,288.79245,288.88004,287.6294,290.62268,291.33243,289.54538,289.09808,289.48975,290.3258
1904,2008-09-16,288.4376,287.18024,287.84363,286.3484,289.92877,288.42798,288.61014,287.70303,287.5999,289.77927,287.33853,288.11368,287.9421,288.76422,288.08316,287.99133,287.619,287.4157,287.4235,288.66806,287.1582,286.63614,287.6227,287.2966,289.4011,287.3714,287.52478,287.4734,287.15427,288.2774
1905,2008-10-16,285.6834,285.98532,284.09616,285.89847,286.52298,285.49976,286.31174,286.64294,285.62314,285.28452,283.87616,285.56363,285.82788,284.58923,285.90598,285.79733,284.30795,284.21854,284.95453,286.43472,284.5961,284.34485,283.57843,284.69858,286.90076,285.0197,283.69006,285.407,285.24567,286.15182
1906,2008-11-16,281.65536,284.6757,282.7878,280.19055,282.05313,280.15997,283.752,282.96097,281.82742,281.62622,281.6686,284.44586,281.2331,282.38525,281.41107,281.51913,282.88147,280.7025,281.77792,283.36252,283.2313,281.3663,279.62567,282.32346,281.79102,282.67273,279.63684,283.49954,281.27972,281.301
1907,2008-12-16,280.54425,281.59332,279.8149,279.78232,278.88736,277.57315,282.70377,280.05167,280.29477,280.12576,280.2414,280.0248,279.64282,279.96094,280.21057,281.29782,281.386,280.6506,279.66473,280.10797,281.9379,280.27292,281.06223,281.37527,280.58478,278.7321,280.63223,280.4512,280.929,281.87918
1908,2009-01-16,278.8232,277.55078,279.2158,278.26382,277.53387,275.53925,281.40927,279.4712,277.7266,279.0504,276.12302,279.2065,278.44138,279.59125,279.97815,279.5162,279.67166,278.85583,278.17578,280.18448,279.59253,279.58963,280.0614,278.1903,280.425,279.07217,279.03067,280.82986,280.96606,279.85367
1909,2009-02-15,279.55313,280.83487,279.1231,279.3669,279.48956,278.00122,280.3132,276.81763,277.14774,280.65195,279.2965,279.5858,280.41345,278.85223,281.0538,280.05463,279.90802,279.52124,280.88354,276.77942,282.10504,275.95648,280.18118,279.40918,280.98755,278.0062,279.74344,281.67535,279.67368,279.84393
1910,2009-03-16,276.1543,280.61398,281.19025,281.4951,278.87497,279.20023,280.85843,278.1007,279.50568,281.90683,279.71512,279.5224,280.85754,281.26242,280.3681,280.88312,277.86362,281.2395,281.10016,278.8133,282.08154,279.06818,281.4315,280.71234,279.40182,279.17722,280.7416,281.64496,278.79395,278.7174
1911,2009-04-16,280.29593,280.70963,281.97025,282.71457,282.17206,280.39655,283.31775,281.1032,280.90915,283.61334,281.8506,281.9048,282.86252,281.98495,282.66525,282.0486,281.33588,283.54694,282.27692,281.5014,283.7702,281.57098,282.23868,281.01236,279.80194,281.96448,281.56512,283.3298,280.14578,282.2655
1912,2009-05-16,285.01062,284.81668,283.80618,285.84216,283.6372,283.62778,284.60437,283.28033,283.23724,284.9187,284.78366,283.4664,285.5991,285.0089,284.68167,283.99786,283.46436,285.10062,285.12497,285.29706,286.44867,284.77072,284.51804,284.68365,283.458,285.58847,284.12466,285.82187,283.3848,286.69235
1913,2009-06-16,285.55807,286.78244,288.2761,287.98685,287.24304,285.30005,287.6284,288.7613,288.3912,287.31183,287.3407,289.02338,289.03577,287.07986,286.53525,288.21848,286.99094,286.94275,287.3232,287.4573,286.5299,287.52658,287.9364,289.04276,286.7681,286.4204,289.11478,289.00986,289.86676,290.60236
1914,2009-07-16,286.92654,288.03763,290.02127,287.7398,289.542,287.31647,288.61533,289.21463,288.70844,288.4995,290.62463,289.22305,288.76913,287.94553,290.66855,292.16827,289.53247,289.61005,287.64108,287.72064,287.3609,289.46786,290.4135,288.531,289.01038,289.54315,289.8148,291.2139,289.84552,289.58722
1915,2009-08-16,289.4476,289.99176,290.3922,288.36826,289.35916,288.92404,289.07706,288.437,289.1771,289.69904,289.39856,289.1391,290.47714,289.98276,289.288,290.92194,289.2275,287.68643,288.91315,288.65387,290.40643,288.72693,289.2918,288.76337,288.83884,288.62695,289.63025,290.28842,289.38013,289.75934
1916,2009-09-16,288.11282,287.48694,288.7339,287.73865,287.64984,286.5608,287.968,287.988,287.32513,287.88675,287.57062,287.3489,288.60886,288.84186,287.95505,289.44678,287.9009,288.00015,286.67902,288.5926,287.85468,287.75156,287.4602,288.76044,287.04837,287.91312,288.99908,289.50748,289.07336,287.17426
1917,2009-10-16,286.21738,284.3715,285.00314,285.09656,285.1608,285.99582,284.71176,283.7124,282.44083,285.32858,284.80505,283.80908,284.57242,285.84515,285.43292,284.50266,283.87363,286.6809,285.49646,285.45786,284.01724,284.48373,284.3674,285.74106,284.90405,286.619,284.79532,283.97598,284.3548,285.29456
1918,2009-11-16,283.39212,281.31503,281.1182,283.37372,282.03433,282.32068,282.38992,280.98782,283.10648,283.17023,281.55203,282.01782,281.51605,282.06647,282.56537,281.68994,281.41495,282.34058,282.50223,280.52148,281.09918,282.01517,281.5612,282.68414,280.99088,282.93347,281.10855,281.7118,282.1667,282.5615
1919,2009-12-16,283.29007,280.46976,278.85544,280.27203,281.0364,281.15262,280.90067,278.7083,278.84235,278.91653,280.20532,279.63193,279.09128,280.71384,278.45816,280.69727,281.43222,279.5134,280.29135,280.12723,281.70944,281.6704,280.6732,280.61688,279.28766,278.7035,279.04254,281.0763,278.61005,281.24228
1920,2010-01-16,280.94238,278.684,280.66632,279.0344,279.08197,278.92853,280.6575,275.434,276.11728,278.40997,278.98553,278.01294,280.22153,280.12448,279.62198,281.26834,280.0809,278.06912,277.8251,281.22116,279.68832,280.81033,277.9344,280.27747,277.0074,275.52853,276.05597,274.4828,279.0314,278.72086
1921,2010-02-15,279.75037,281.51425,280.4579,280.75348,277.32364,278.85898,280.6114,277.40506,276.91553,277.7374,279.79767,279.63397,279.8875,279.98993,277.87775,280.1097,279.5054,280.90564,276.59827,278.05588,279.29114,277.5295,279.77887,280.35284,276.7123,280.4686,278.7526,277.0636,279.2271,278.23065
1922,2010-03-16,281.40393,281.1183,281.2719,279.4008,279.7137,280.38068,280.56418,279.0685,279.54843,279.44092,280.52158,281.81262,280.41916,280.50708,278.78372,280.8386,280.15393,281.326,278.01862,281.53128,280.03198,281.0127,280.9357,281.9933,277.48718,281.179,278.9648,280.2498,280.53366,280.0745
1923,2010-04-16,282.3452,282.70123,282.48114,283.26233,281.65372,282.27115,282.7322,280.22577,281.68903,281.394,281.90604,283.18768,283.25397,282.7891,281.86194,281.5668,281.41257,282.81842,281.60355,282.5288,282.73856,283.4215,282.81662,281.73492,279.04037,280.75644,282.17462,281.09814,282.02005,281.68024
1924,2010-05-16,284.0931,284.33176,283.59512,285.78583,285.25,285.68735,286.4027,282.88367,283.0513,284.7575,286.3166,284.73233,284.7811,284.11722,285.07425,284.32108,284.4353,284.45102,285.03784,284.0825,285.14963,286.80533,283.98242,284.12665,282.10422,284.13052,285.04974,281.6363,286.5046,284.61804
1925,2010-06-16,287.39117,287.9038,286.9765,287.37256,288.8868,287.88232,289.04474,288.9443,287.65482,290.83636,288.5177,288.52808,286.61783,288.70377,288.21158,288.78653,287.07465,288.1976,289.87408,288.15982,287.2273,287.89096,287.1986,286.953,286.83163,288.1494,285.64957,287.03,289.39343,286.37814
1926,2010-07-16,288.14273,290.59995,288.75607,289.1917,289.6468,290.51718,290.1088,291.13004,288.93048,291.38696,290.7115,291.95157,290.08917,288.73245,289.94174,289.11102,291.43237,290.78183,288.2063,287.49274,288.9031,290.11307,290.45175,289.2435,288.19238,290.18973,289.56494,290.4263,288.2865,288.75208
1927,2010-08-16,288.44672,289.2441,288.45026,289.9201,289.69217,291.5276,290.02814,290.59332,289.22345,289.1146,290.83243,290.29407,290.5564,290.3791,290.7636,288.48526,290.35416,292.98236,289.29205,288.0009,289.60544,289.67944,291.14938,288.59872,289.74615,291.79617,291.22482,289.61786,289.39316,289.07397
1928,2010-09-16,288.15695,286.6943,288.01288,288.61493,288.76944,287.78668,289.42108,287.07037,288.27353,287.3572,287.53317,287.94733,288.51633,290.04825,288.2437,286.57047,287.63306,289.7101,287.96463,287.07626,287.01517,288.43588,287.93234,289.27835,288.14795,288.76123,287.96188,287.38605,286.66968,287.2912
1929,2010-10-16,285.17682,283.60062,285.0377,285.36133,285.29138,283.476,285.727,284.86664,285.01706,284.33524,283.23,286.2264,285.4243,286.0262,286.05615,284.70016,286.2602,285.3684,283.96448,284.98688,283.76782,284.7358,283.75537,283.8482,284.0181,286.1364,285.02612,285.39282,285.40286,285.2425
1930,2010-11-16,281.00397,280.93207,281.26236,282.09586,283.80014,279.66266,282.4364,279.2817,282.82492,280.11197,283.3383,282.43356,283.55087,282.112,282.07724,283.5331,282.97583,282.8839,283.00757,282.64334,282.2107,282.05106,283.7986,281.39252,281.8149,283.30075,282.96915,282.04,281.35983,281.05453
1931,2010-12-16,277.2163,280.08862,280.89752,280.43396,280.25168,279.74118,279.97794,279.6737,281.6029,279.42337,282.05835,279.9091,281.27087,281.36572,278.67197,282.0418,281.09412,280.47098,279.9491,280.1366,279.79282,281.03296,277.63354,280.0703,277.62915,281.9396,278.27274,280.27213,280.1228,281.33865
1932,2011-01-16,278.57104,279.20825,279.41574,280.3515,281.4371,279.0493,279.17572,277.9076,279.9912,279.21848,279.24487,279.51038,280.19992,280.60956,280.63425,280.08508,281.98624,278.43002,277.7009,278.2593,278.2032,279.72083,279.05234,279.9003,276.97247,279.63797,279.00897,279.5138,279.18793,277.27322
1933,2011-02-15,278.4734,278.96304,277.34348,279.61676,279.2579,278.81183,277.65335,278.83286,281.11728,280.30637,276.60364,282.27542,280.49985,278.74902,280.35883,277.78452,277.57623,279.3384,276.957,279.84946,277.6537,281.46674,278.86362,278.21097,277.204,278.46753,279.4166,278.9928,281.0469,279.3805
1934,2011-03-16,278.49063,278.81567,277.63867,281.47144,280.3425,279.83588,280.54114,281.0666,280.32858,280.26642,280.71564,278.8697,281.02148,278.9642,280.9872,281.1281,276.45462,279.06897,280.74533,279.50717,279.31906,280.30997,280.16968,275.00415,281.49176,279.65747,280.15134,280.5157,279.23016,278.81125
1935,2011-04-16,280.4718,279.7256,282.50742,282.75385,282.2437,282.47595,283.0203,282.68326,282.7086,280.9469,282.13733,282.95615,282.57874,283.18857,281.5711,282.76837,280.1818,280.62616,282.5316,282.44467,281.7185,282.8861,281.74622,280.13647,280.2852,282.97614,282.22818,283.45877,281.87717,283.41846
1936,2011-05-16,282.5271,286.5944,282.30002,283.49506,283.92078,284.70554,285.01172,283.7326,284.41522,281.62048,285.75992,286.21762,286.05316,283.6748,284.16055,284.70563,283.61163,285.08646,286.66617,284.36368,283.6023,285.29822,285.29123,283.4343,285.55148,283.59363,285.23828,285.37967,285.392,284.2422
1937,2011-06-16,286.38898,287.74213,286.10727,285.8245,287.15167,288.6518,287.54684,288.21585,287.9584,287.1972,287.33688,286.08182,287.4596,286.02582,286.8491,288.93204,287.8825,286.21112,287.02927,288.07242,286.61002,287.6009,287.02777,286.6547,289.3032,288.31958,288.03162,288.12375,285.75223,287.05267
1938,2011-07-16,286.6521,288.80136,287.31116,289.1257,289.78638,289.51077,289.14255,288.7719,289.13217,289.13174,291.35773,288.79922,290.89816,290.3713,289.93985,288.11002,290.96906,289.42664,290.59747,288.1579,288.35117,289.92313,289.84348,291.18463,288.94403,291.00793,288.83752,289.01782,289.91055,289.3629
1939,2011-08-16,287.51544,290.27023,287.81677,289.77008,289.0834,289.84708,289.4177,290.16937,290.2543,289.76056,289.44424,289.5251,289.91806,289.86368,290.56818,288.6882,288.0708,289.28818,288.20142,288.10812,289.12244,290.40848,290.97314,289.59796,289.38437,290.9476,287.90353,288.3272,290.15814,289.4297
1940,2011-09-16,286.70337,289.15817,287.5049,288.8558,287.7787,287.27762,286.31723,289.00244,289.12976,288.2029,287.29233,287.0618,287.3244,287.062,288.2136,289.0717,287.9766,289.371,288.3798,286.9247,287.02988,287.99304,288.69696,289.10376,288.19455,288.5085,287.5422,287.22275,287.56012,287.3701
1941,2011-10-16,284.33847,285.9616,284.05093,287.26312,284.84167,284.5228,285.81158,286.03888,285.66058,284.44614,285.0631,285.3016,286.2475,285.2117,283.42023,285.60638,285.63123,286.67255,284.54126,286.00906,286.1808,284.92123,285.7876,286.36627,285.28946,284.65198,285.18652,285.9449,285.42108,284.8648
1942,2011-11-16,282.48727,282.56088,282.8655,281.3677,280.79343,281.9985,283.09143,282.71213,282.70856,282.99265,281.959,282.55875,283.5935,281.37726,281.8332,282.08835,281.73355,280.3566,282.0683,283.01624,282.17203,281.39093,281.43915,282.08835,282.41055,280.88815,282.58774,282.10205,282.36255,282.3912
1943,2011-12-16,281.7432,280.07587,282.202,281.5935,280.5535,279.69556,281.00214,282.2767,280.18234,278.83377,280.9279,279.569,281.6404,281.63312,280.006,279.62115,280.89987,279.11618,280.39304,281.28488,279.42172,280.24124,280.4206,278.5292,280.14963,278.8386,280.11334,281.65994,280.58856,279.69327
1944,2012-01-16,281.6746,276.7439,277.49066,278.13162,280.06754,278.8296,278.59076,280.0793,279.97098,277.11087,279.28317,279.8409,280.76166,279.70624,278.01944,277.9762,278.3699,277.1199,280.64957,279.97025,280.5535,278.98856,280.48657,279.62833,278.7099,280.4773,281.98495,280.19617,280.7205,279.55008
1945,2012-02-15,279.04398,280.35516,279.98102,279.8683,278.47165,278.9301,279.20355,276.85806,278.92603,276.8086,278.8335,278.91333,280.79434,279.16898,278.55698,276.28082,280.1473,278.9161,277.21204,279.23694,279.95786,277.9197,280.7218,282.4449,278.14145,277.77292,280.4725,280.9358,279.94943,278.00552
1946,2012-03-16,281.04092,281.08643,281.56284,280.6183,279.1676,279.31967,280.41013,280.95862,281.6402,280.3696,278.62418,279.47406,281.3472,280.83365,280.9964,280.98477,279.5524,278.41434,278.38464,279.15625,281.33707,278.63242,281.9368,278.47205,280.46613,278.68616,278.96338,281.0126,280.8948,278.60965
1947,2012-04-16,282.43643,282.07712,281.03802,281.94543,284.85107,282.2079,282.05106,282.73224,282.92224,282.46295,281.5333,280.5411,284.89243,282.12616,284.73154,279.52515,280.32428,282.46,280.70303,281.5421,283.27777,283.08133,284.43112,280.96472,282.4346,281.26935,281.89377,282.0415,281.14154,280.8513
1948,2012-05-16,284.90546,282.82837,285.14966,284.43475,284.39902,284.03967,286.91702,283.3563,284.4666,285.66858,283.7677,284.72775,285.73746,285.59045,286.07602,283.0284,285.92215,285.57095,284.03885,284.62534,284.86996,284.6022,283.95422,284.13882,285.03537,284.94186,283.0903,284.9886,286.73386,284.13492
1949,2012-06-16,290.79788,286.5386,287.92688,286.86008,287.20682,285.749,287.96317,287.29105,289.2944,288.06628,288.7886,289.53806,288.9995,286.5175,286.59378,286.1371,288.47232,286.80115,287.14825,285.24408,286.5449,288.76715,288.10535,287.23312,287.78647,288.20996,286.82062,287.62347,286.54248,286.93204
1950,2012-07-16,291.55423,290.35696,289.44888,290.10178,289.4868,288.75772,289.76813,289.67786,289.65045,287.6819,291.09265,290.466,289.8833,287.88306,289.90408,289.77145,289.8795,289.83588,288.10266,289.74487,288.18213,288.4539,288.32144,291.2294,289.39078,289.2442,290.19968,288.51318,287.97137,288.55713
1951,2012-08-16,290.0031,289.24826,288.52576,291.86752,289.7769,289.76505,289.96814,289.47592,289.1811,289.82788,289.50354,288.40485,290.3729,290.2549,288.82657,288.71356,289.71893,290.24286,288.7881,289.62607,289.7242,289.37982,287.89377,290.03207,290.39743,288.75296,290.25467,287.9717,289.49875,289.5302
1952,2012-09-16,288.33917,288.45602,287.86823,290.4604,287.55136,288.57275,286.83273,287.51465,289.2185,291.06332,286.79175,288.08563,287.9336,286.75793,287.7602,286.31754,288.96518,288.8272,288.0088,287.86588,287.58005,288.3905,288.34244,288.8838,286.8392,288.05048,289.29437,287.35583,287.87354,287.4647
1953,2012-10-16,286.13724,284.54694,284.76468,286.0235,285.57642,284.67535,284.75183,284.7656,285.27237,286.06384,284.5358,285.01117,284.98627,283.34778,284.7207,285.76086,285.51672,286.08286,285.5503,286.63016,284.31284,283.66733,283.79492,286.66846,284.68558,285.39236,284.62204,284.3893,284.23416,285.69482
1954,2012-11-16,284.36887,281.62915,283.07477,283.25284,281.91122,279.77615,284.6305,282.57043,282.94168,278.24255,282.12592,283.96378,281.85876,279.61255,281.7021,282.293,281.0563,283.95316,282.32837,283.21832,280.555,281.5567,283.22232,281.74753,281.8055,282.0236,281.49213,280.6872,280.29648,282.1578
1955,2012-12-16,282.15234,279.09167,279.25537,280.86426,280.5232,278.8,280.51428,279.72702,280.55707,276.87314,280.27383,280.61276,282.09805,278.48532,281.30246,278.23755,281.6696,278.774,277.4937,279.23248,280.202,280.9648,278.46848,281.5674,282.52377,279.63702,279.43207,278.7203,279.13727,280.87222
1956,2013-01-16,277.12006,277.3088,279.03635,281.3215,280.23615,279.36307,277.8321,278.01193,280.0645,278.15,277.8621,279.93967,280.23367,280.57574,277.7393,277.9168,279.1753,280.6635,279.38742,278.8485,280.778,278.07382,278.4446,278.58463,278.4034,280.50488,280.1945,279.299,279.3557,277.52396
1957,2013-02-15,279.737,278.8842,280.5341,278.7483,280.75632,280.31305,278.6587,279.13324,281.40326,279.30112,279.75507,280.02206,280.33853,278.78302,278.83002,281.01505,277.89276,279.47372,279.06613,279.14517,277.7451,278.8442,281.74457,278.89758,281.08255,278.0777,278.89944,278.40683,274.78314,280.52264
1958,2013-03-16,279.0988,279.91394,281.51123,278.68143,280.48193,278.18527,279.30923,279.81668,281.49878,280.8515,280.45047,279.5234,279.8206,279.37952,279.4412,280.7851,281.94772,279.10867,277.32272,280.89633,281.40167,280.59457,280.43808,280.991,280.20987,279.33115,280.94888,281.0661,280.40198,275.926
1959,2013-04-16,282.0952,282.33182,281.92096,280.7278,284.18417,281.60898,281.8764,283.24332,281.00006,283.35208,281.19965,283.34583,280.91565,282.3341,282.61362,280.98718,282.33905,281.76144,281.35977,282.17563,284.39508,284.08582,281.72675,281.23962,283.76968,280.99313,281.48694,282.31216,282.45575,277.87308
1960,2013-05-16,282.3329,285.27914,284.2121,283.50885,286.06558,283.63248,284.10007,284.77054,284.5312,285.2973,283.52127,284.94843,284.27057,286.7791,285.30518,283.3351,284.6982,284.70688,284.245,285.1648,285.66367,283.14542,284.19385,284.33682,285.39124,284.75128,283.20895,284.02887,285.2626,282.31894
1961,2013-06-16,288.2011,288.80707,287.8574,287.51907,287.53018,288.54816,287.03726,288.6394,286.93353,289.8965,288.50317,287.51126,288.8062,287.19812,286.8361,289.36908,288.8317,286.77527,287.44455,287.7509,286.9919,290.1446,287.36877,288.24893,287.1579,287.4902,286.11584,287.7425,286.4931,286.70517
1962,2013-07-16,288.16568,287.54028,288.06018,289.3541,290.05255,288.15573,290.89212,290.4573,290.2572,288.5433,289.91266,289.53104,289.68094,289.13168,287.63217,288.52823,289.02966,290.0573,289.5416,288.19177,288.2497,289.7911,288.87802,287.4395,288.1852,289.4184,289.18814,290.72034,288.34747,288.3263
1963,2013-08-16,289.749,288.7976,290.2741,288.6763,290.37338,289.4,291.01498,290.62045,289.0737,290.9349,289.482,289.14264,289.8962,290.41388,288.41455,288.61185,288.17413,289.52716,290.40106,289.41434,289.76385,290.31952,290.7044,287.8557,289.61908,289.17795,290.0339,289.33386,289.2236,288.96832
1964,2013-09-16,287.85712,289.69458,288.55606,287.28522,288.25565,287.9689,289.5577,288.46835,287.94553,287.7265,289.1255,287.52103,288.0959,288.42664,286.85632,288.33826,288.08722,287.71292,290.63535,286.11212,286.7457,289.15875,288.2923,286.60034,287.57913,288.70578,288.66092,287.47644,287.07782,288.5306
1965,2013-10-16,285.96365,284.35858,283.8258,284.46112,284.7818,284.6155,286.54233,285.1259,284.42822,285.82736,286.2848,285.5366,285.89993,284.99844,284.82373,284.70712,285.8142,284.82248,286.5764,283.9204,286.16888,285.8289,284.43774,284.2748,283.1812,285.72504,284.75003,284.34406,284.26996,284.5111
1966,2013-11-16,281.89728,282.07913,282.99396,281.7693,283.10825,281.79123,283.36246,282.11023,282.61145,282.90894,282.92075,281.4892,282.11935,283.45993,281.38126,281.26443,281.5189,281.41858,284.02628,282.7108,281.3791,282.3471,281.88,282.4014,283.88596,282.02338,283.258,283.04102,282.65988,283.72552
1967,2013-12-16,279.78094,280.31424,278.5999,279.0943,279.31256,281.8256,280.192,280.9646,279.9916,280.52417,281.39844,280.1089,281.21973,279.32135,281.0823,280.99948,278.43292,280.92313,280.09222,279.70007,280.8173,279.88132,280.81003,280.14648,280.64694,281.34958,278.93585,277.4723,279.2401,281.64487
1968,2014-01-16,276.379,279.36273,278.55676,279.0696,275.95673,281.38977,279.54837,280.879,279.37482,280.57492,278.35873,276.8223,280.78156,278.26587,279.34753,279.45215,279.06625,278.64206,277.50592,279.0456,280.68512,276.58353,279.129,278.90414,280.31815,279.74796,278.07608,279.84842,276.8111,278.70444
1969,2014-02-15,277.6583,279.47748,277.7613,279.21487,279.52698,279.97568,279.88257,279.73004,276.8458,279.86627,279.0275,276.7448,280.12384,280.75052,277.21643,280.99548,279.83466,279.31738,278.78577,279.70862,279.18396,277.9745,281.03778,279.27365,280.51968,279.88855,278.8251,280.60068,279.09125,274.4818
1970,2014-03-16,276.54584,279.0794,278.87247,280.18616,279.61948,280.16418,281.30612,280.91824,279.199,280.5816,280.32837,277.23126,281.81973,280.63568,281.85443,281.09134,278.96277,279.25717,279.94098,281.04492,279.74478,280.33313,280.4317,279.54715,280.76144,279.26715,281.09357,281.101,279.57867,277.52322
1971,2014-04-16,278.3689,282.2561,281.44296,281.20135,282.21805,280.76172,282.7048,281.23993,282.10767,282.85324,282.38693,281.197,282.78647,282.88168,283.28098,283.28998,280.96243,281.61185,282.51447,282.50998,281.245,280.85742,282.69122,282.2851,282.81882,280.6192,282.05338,280.69138,282.53873,278.65683
1972,2014-05-16,282.9455,284.78458,284.1964,287.1046,284.7719,284.90912,284.97626,283.01114,284.7214,284.1204,283.97504,283.548,284.3487,286.27988,285.06375,284.7503,284.75906,283.45267,283.94696,282.4827,284.8915,282.89536,283.9988,285.80673,283.62436,284.8696,283.83463,286.13794,284.03296,285.39658
1973,2014-06-16,289.5821,286.92996,285.74454,286.23587,287.27545,289.11047,288.05078,289.0757,287.56873,287.10648,287.90082,286.75272,288.19464,288.63562,288.40442,289.10312,286.11224,288.67407,288.9819,287.8134,286.04553,285.92123,286.5438,287.81152,286.0172,288.08926,288.6826,289.35898,286.78683,287.87747
1974,2014-07-16,289.09375,290.24866,287.97537,289.4597,288.13306,289.59995,290.27524,292.37238,289.87274,289.01935,289.02023,287.8912,288.8415,289.67267,290.4027,288.6689,289.57974,289.3693,287.7193,289.64505,287.96976,289.02982,289.1663,289.11792,289.46725,288.49707,289.39203,290.05643,288.446,288.72626
1975,2014-08-16,289.57092,291.22308,287.7793,289.58554,289.56216,289.40454,289.27426,290.6073,291.12796,289.01715,289.24185,290.3843,288.52478,289.7673,290.31473,289.62674,290.51495,288.8268,289.09344,290.07043,288.88596,288.21326,289.4926,288.4458,291.5975,288.95355,288.56677,290.22104,288.98975,287.81854
1976,2014-09-16,287.96033,288.40256,287.03085,288.05554,286.4618,287.9628,287.3559,287.99487,288.67545,287.04974,287.1794,288.7625,288.5989,288.5123,288.26987,288.2747,289.48203,287.53668,287.44513,287.1433,287.7747,287.53186,286.2879,288.34265,288.20456,289.40344,287.9522,288.77832,287.28683,287.14404
1977,2014-10-16,285.79163,285.72604,282.83295,285.57816,284.69437,283.22977,286.0904,285.03586,284.0798,284.0722,286.31146,285.07913,284.8607,284.63,283.37708,284.78375,286.64105,284.47815,283.56488,286.6542,285.40173,285.8746,284.06454,285.13416,285.30515,284.69113,285.31784,285.4949,283.91696,286.0718
1978,2014-11-16,281.55692,282.57623,279.7763,281.87958,282.86395,281.7883,282.7163,282.04422,283.56924,281.3377,281.67288,282.72098,283.79572,280.7981,281.8343,283.37234,280.51212,280.38474,281.4573,283.66315,282.41068,283.30417,283.28223,281.30606,279.5808,281.23254,283.51923,283.79236,283.47452,282.0537
1979,2014-12-16,279.694,278.5652,278.80222,282.65228,280.8771,279.8761,278.80844,281.54962,281.6079,280.22748,281.47977,280.07526,280.7254,280.54147,282.4541,282.03366,280.47235,278.8786,278.50275,280.43253,280.3866,280.8861,281.13696,277.75684,279.94598,280.83878,283.00693,281.7785,281.39035,281.34454
